1250 1250
75.5769 74.9715
74.883 74.9178
76.835 75.6889
72.9756 76.0545
77.5318 73.3095
74.1445 73.7322
73.1205 77.7887
74.1348 75.3135
74.0396 72.3102
74.5303 76.9602
74.537 74.7482
76.2362 76.6234
75.5385 75.0678
74.2312 73.1495
76.2648 74.393
75.2396 75.6041
74.9234 76.7194
78.5288 74.6769
74.7224 74.4946
76.4601 72.6401
75.4269 75.4547
75.8485 74.2315
73.7431 75.713
73.1361 75.0581
75.0206 74.5833
75.1164 75.5069
74.4187 74.6001
76.999 72.7006
73.1471 74.5208
76.4371 76.2833
76.0111 71.7175
74.0494 74.6705
76.0894 75.0188
75.0807 75.2393
74.8537 75.0884
72.2952 76.7569
74.0234 72.3822
75.2713 75.0096
74.5414 74.12
73.4195 77.8572
75.2696 74.2265
74.9729 72.8281
76.3574 76.9847
72.8222 75.197
74.9293 74.8375
74.8001 72.4328
73.9611 76.7551
76.9264 71.9545
73.3862 72.3806
75.9614 72.3289
75.4647 73.6117
76.8583 76.2908
72.2822 73.7194
72.9234 75.622
73.1128 76.9002
74.6901 74.8027
77.7953 77.1154
74.3906 74.2101
73.5679 74.2711
74.4962 72.569
75.5487 71.5725
76.7496 74.457
75.1739 74.6697
74.729 76.7399
73.777 76.8945
77.5689 76.2134
76.6937 75.6289
74.2854 73.7253
72.8516 75.1727
74.5736 73.9793
74.878 74.9513
77.4564 76.9075
73.8033 75.6619
71.6729 76.0664
73.6361 75.4046
76.0939 73.0284
75.9213 75.0218
73.6533 74.0719
77.4965 77.5139
75.9353 75.7467
74.1542 76.5621
74.6039 74.4649
74.6431 73.8579
75.7121 74.9252
74.8284 75.2948
77.4133 77.4422
75.0173 73.2356
73.0525 75.7114
74.9804 74.9729
77.6409 74.8824
76.9933 74.256
74.044 76.7104
74.3807 78.2336
74.8557 72.6651
74.7228 74.4085
76.7634 77.3542
75.3931 77.2046
74.9079 74.7369
72.5193 74.9603
72.3456 74.0936
75.7352 73.5035
74.3025 75.256
73.3883 73.6865
76.374 74.1041
74.8908 73.5414
74.5934 78.3681
74.9469 75.8218
76.1367 72.175
78.1569 74.0968
73.4628 76.9433
77.1364 73.8971
75.0337 75.0074
74.0365 71.7991
72.895 75.4569
76.6114 73.7934
71.5519 76.0479
77.5328 73.7444
77.4884 73.5908
72.7492 74.2087
74.9985 74.4861
72.1783 75.4227
73.8529 75.1673
75.8319 74.4125
73.8328 76.8348
75.316 73.5899
71.8255 75.8921
76.2247 73.6527
74.6153 76.3611
74.2729 75.0937
73.3047 74.931
75.1512 74.9968
74.2469 72.8243
73.8842 73.1311
74.2981 76.5373
76.8349 76.5577
77.154 77.0684
72.8615 73.6234
74.9237 75.1721
74.8187 75.4034
74.6226 76.2587
77.1985 74.9451
74.9526 71.7525
76.3246 74.0609
75.4725 76.7939
76.8939 72.4197
74.9932 74.9095
76.5022 76.0027
76.8244 72.3035
77.2219 74.3757
74.1986 75.3643
73.8308 72.7754
73.5416 76.5151
75.9967 75.3232
72.9675 74.0033
75.5448 73.9802
72.847 73.2485
78.4317 74.5532
75.3421 75.7837
72.1671 74.1525
74.1576 73.2038
74.9535 73.7724
77.9635 74.435
76.6904 74.4254
78.4802 74.6911
75.6288 76.3615
75.4417 72.4536
73.3835 74.9011
72.2126 74.989
73.2465 73.6642
72.499 76.2337
72.1596 75.2028
75.0019 75.001
76.1756 77.0411
74.786 75.1824
75.2739 74.169
74.988 75.2651
74.8969 74.0721
72.7751 75.0638
77.1225 72.2327
74.5552 72.8303
73.399 76.1363
77.0585 77.947
73.3249 74.2332
75.759 73.7154
74.9009 74.5339
72.605 72.8795
72.8387 75.0785
74.5777 77.1218
74.6669 76.5217
77.9572 74.6218
76.2104 75.3263
73.5435 76.1007
77.4228 75.4373
76.4536 72.8827
76.0804 76.2993
76.1874 75.6247
76.6679 74.7788
75.2321 76.1974
74.6956 74.8983
76.459 74.5876
76.4954 76.9189
75.0214 75.5152
76.5172 74.8257
77.0847 77.0642
75.0463 73.6839
74.9779 74.9918
73.5564 75.5042
75.3687 78.3479
74.4207 71.461
72.8488 72.7267
75.2261 75.4128
74.9075 75.0146
72.3325 76.3586
74.9365 76.2217
73.2153 76.6352
73.9192 72.6716
76.5029 76.6883
75.4013 75.287
74.4078 76.8346
75.1738 77.2799
75.2485 74.1929
75.5987 72.1954
74.5305 74.2158
71.5839 75.9287
75.2192 75.4641
75.1272 75.318
75.0841 74.8899
74.1053 73.0968
75.2992 74.3745
74.4714 75.4448
72.4694 75.8601
75.8671 73.7479
75.1759 75.481
72.1982 76.7782
74.2055 73.9146
74.9219 73.5648
74.2769 75.5685
77.3472 76.2791
76.5879 74.05
77.9576 75.4854
74.1257 73.8537
75.9358 73.026
75.0254 75.1688
75.5565 76.5409
72.5796 76.47
76.6256 73.7135
74.2231 72.0688
76.8293 77.1897
74.3226 75.8382
73.9418 77.2488
73.4037 78.1223
75.2162 77.0234
76.2963 76.0974
75.0345 75.1883
75.188 74.7504
76.1764 72.9921
75.0096 75.8297
73.5176 75.6153
74.9991 73.8533
75.3935 73.4888
72.8428 77.3635
72.8337 77.1166
74.8646 74.7029
74.9602 75.2469
74.9947 74.9579
75.8235 77.9529
74.9084 75.3187
76.0235 73.1599
74.4273 75.3169
74.1365 76.901
71.9855 76.4582
76.7075 77.2824
76.1969 75.4976
74.9018 74.9713
76.4208 74.5157
73.9261 76.4505
77.2516 77.143
75.9323 75.8939
77.0567 77.8682
77.4131 76.5535
76.2911 77.8038
75.236 74.0583
73.7741 72.9933
75.9644 75.0217
74.1149 75.1117
76.8857 76.7149
73.3843 75.4215
75.3067 74.8618
74.0055 75.2846
77.1961 73.1927
72.7129 74.7639
77.0279 74.8199
74.3071 74.8071
74.2033 72.615
75.3376 73.9674
76.706 72.413
76.9136 75.4936
75.4474 73.1872
74.6929 74.8732
77.0416 76.4676
72.7534 72.3508
77.2051 74.4825
76.5964 77.6544
71.8854 74.0367
75.3534 77.4364
78.4075 74.8732
74.5234 76.8583
72.3003 73.4884
76.1457 75.2337
74.1943 73.5191
73.2728 75.7608
74.0381 73.4307
72.9826 76.8585
74.8157 75.1027
76.282 74.1282
74.3922 74.4401
75.2925 74.3118
74.3956 73.1222
72.5289 77.2007
75.966 73.7013
74.917 74.8845
72.5201 74.4323
76.0668 73.0947
75.0888 74.0429
73.7558 78.1803
73.7042 73.795
77.5412 73.7123
75.0988 77.6692
73.1879 74.9158
74.4777 75.3202
77.3365 73.6125
76.6977 76.7141
77.4318 72.4115
74.5674 72.3163
73.8298 71.6805
72.0827 77.0385
72.2467 75.6837
71.8754 73.9913
76.4526 71.9459
77.4196 73.9108
76.9515 76.5155
75.9346 75.094
77.2105 72.2429
73.6766 75.9015
73.3101 77.1565
72.0067 75.2026
74.4687 77.732
74.8328 74.3454
75.0676 74.7804
72.5551 76.1704
72.9374 75.4945
76.3995 75.2585
74.8218 74.8759
76.8017 72.7483
73.1956 74.3684
75.6447 73.6355
72.8452 72.1917
74.5355 75.9424
73.5212 78.2048
74.8387 72.9903
75.8904 72.2217
74.7721 74.8687
74.6908 74.5081
74.8714 77.2348
72.0344 73.4719
75.6163 76.6296
75.1486 75.125
72.9767 72.2534
74.6935 75.2338
74.1673 74.0534
74.7143 73.1078
74.9807 75.006
71.5972 75.4991
74.7897 74.8716
74.4452 75.0294
73.5868 73.8739
76.1096 76.3802
75.0554 74.8029
75.6534 73.242
74.9951 75.0004
77.2419 74.9106
77.6896 73.7849
75.0427 75.8146
74.8834 76.2098
75.2091 73.9717
75.1108 75.101
77.0499 75.0916
75.4991 77.6785
76.5097 72.621
71.737 74.3546
75.6254 77.7485
75.2482 74.9996
75.5592 75.19
72.9893 77.6658
77.3947 77.4555
73.6234 75.78
72.2508 76.456
77.3886 74.714
74.6559 76.3447
75.1937 73.7218
76.5078 76.1322
73.516 75.4731
75.729 75.3283
76.207 74.417
73.5997 73.2465
71.5521 75.6913
74.7649 75.5043
73.6432 75.1434
74.56 72.793
77.2096 76.4788
76.9876 75.8641
76.0348 77.5152
76.5139 75.4949
74.6664 74.9936
73.946 77.1703
75.6927 74.2656
76.521 73.6737
75.9322 73.9161
72.7467 76.7392
75.6317 74.4269
75.8349 74.0896
75.6854 76.3923
75.445 75.8166
73.3236 76.3205
75.165 75.2964
73.6262 75.9392
74.7488 73.1907
74.4573 74.905
75.8366 76.7604
73.7646 76.7404
74.998 74.9988
75.6698 74.73
74.4044 73.7755
74.1295 75.1245
74.8498 72.8136
74.1339 75.2764
75.0216 72.7027
74.9749 75.2797
74.9047 75.1813
77.1143 76.2754
75.5388 76.6575
74.2331 73.3625
77.5517 73.0787
76.4523 78.1994
73.9259 74.1144
75.0029 75.0119
75.2687 74.9571
74.8648 74.1799
75.0144 76.8566
75.794 76.0298
75.1337 75.0226
73.9263 73.8652
74.4515 74.912
74.9815 73.2149
73.7026 77.7683
77.6785 75.6923
78.5111 74.8572
75.9804 75.5029
72.3938 73.863
72.942 76.9454
75.0133 74.9745
75.7195 77.8983
75.5646 75.3655
76.0058 77.902
74.537 72.1061
75.0557 78.2595
74.3358 76.5921
73.3988 77.7077
73.7914 76.2317
75.7373 76.2751
75.1001 75.1425
74.9635 74.8842
74.0173 74.4235
74.2753 76.1492
76.378 74.5478
75.3754 76.7104
73.0029 75.0649
73.3064 75.5684
72.6486 75.6447
73.8502 73.5646
74.1293 72.824
75.8662 75.4668
76.6839 74.8319
75.3811 73.2998
77.6766 75.3346
72.5428 75.8863
75.1787 73.8602
74.8555 75.2259
75.7097 73.8832
75.2116 74.8505
73.8232 73.8602
76.173 76.6427
73.6899 74.0557
75.1111 75.1662
75.1135 74.2412
75.1869 76.348
77.1888 73.1689
75.1757 74.6758
73.8821 73.773
74.7251 71.7364
73.2743 72.3957
75.7977 74.6734
77.0294 72.368
72.5029 73.7613
72.46 74.8352
75.556 72.3505
74.8328 74.7977
74.3285 78.018
72.1522 77.0599
74.8399 74.7848
74.8882 76.3429
74.0436 76.1739
74.6164 75.0572
74.4984 75.6094
72.8711 75.8378
77.067 72.9092
74.1225 73.8914
76.2531 77.0186
74.8521 76.4313
75.6587 76.4543
72.9779 72.9076
72.4028 77.2923
74.083 73.2431
76.4954 74.1328
73.5368 73.5515
73.8615 73.5189
75.4793 74.8834
72.6564 76.1722
77.5845 74.4992
74.4356 71.8326
72.7947 73.0481
74.9843 75.014
76.8493 71.9798
76.0601 73.846
76.595 72.1134
72.9511 75.9103
76.1346 73.5569
75.5215 74.6527
76.4448 73.955
75.3741 74.8092
74.9616 75.0961
73.8003 75.7987
76.2652 74.8145
72.2833 76.6886
74.5803 71.6945
74.8495 75.9444
75.3943 73.0744
75.8561 77.779
75.3502 74.9453
75.6242 77.568
76.3627 75.1819
72.6209 75.4045
72.8207 74.6067
75.2443 74.6137
75.7463 75.1619
74.13 72.0328
76.6691 75.4491
73.9113 72.3743
73.6328 76.7264
74.5511 77.9769
77.0334 77.7577
76.2328 77.4627
74.1654 76.0869
77.9056 75.0873
72.7898 73.7342
72.3562 75.765
73.9297 78.0752
73.2063 74.3028
74.8431 72.742
75.9973 76.346
74.8673 75.7202
76.3942 77.1703
75.3018 75.0142
75.0092 74.9964
76.7137 73.848
72.8391 73.4177
77.9447 76.4899
76.218 77.2777
74.6287 77.6155
75.5586 78.2152
74.5352 72.9601
76.7782 75.0699
75.7805 74.8339
76.4126 75.7035
74.9731 73.1949
74.5007 74.4503
74.0904 73.5449
74.506 75.1351
72.0299 75.3975
72.2636 76.7007
74.9409 74.7636
77.5328 77.2999
76.8001 75.07
75.7609 73.5956
73.4382 75.1657
74.7521 72.32
76.1999 75.5384
76.5796 78.049
74.9251 76.7637
73.4623 76.3515
74.4963 75.0185
75.1545 75.2197
77.8918 73.0365
78.0745 73.1537
75.634 76.0135
75.4202 75.6567
71.6185 74.0983
75.3744 75.7577
77.8843 75.4885
76.0546 78.4302
74.5916 75.1476
77.8194 76.2464
74.5482 75.7989
75.0558 73.0116
76.8625 74.2328
72.2973 74.7651
75.3994 72.6009
73.3639 74.2388
74.6083 71.9225
74.7851 75.3889
76.6081 78.1267
76.3916 76.1718
74.6887 74.4003
74.1944 76.2089
72.4699 73.6552
75.3061 71.8373
73.5375 76.042
73.5927 75.5733
75.3172 74.4448
72.6135 74.7347
77.0791 77.8275
76.3151 78.2741
74.0855 72.6938
75.7026 74.6098
74.1988 73.8849
75.192 77.7859
74.1933 75.4538
74.1035 71.8644
73.9003 75.1119
71.9454 74.1054
76.6468 74.6953
75.5534 73.669
76.8958 76.888
75.6019 72.1605
74.1141 75.7141
73.3793 77.9477
76.3386 75.7324
75.5727 75.4002
75.9591 76.0717
75.6184 73.0188
78.4254 75.4754
75.1752 77.7047
73.7683 72.1479
72.7999 74.8409
75.0484 75.0812
76.5713 75.6957
75.4628 74.3082
74.9611 74.9691
75.0729 75.357
75.1196 73.2792
74.9454 74.9226
77.4909 76.7638
75.5713 71.5396
77.4312 75.2581
75.5029 75.3999
75.0499 78.0045
72.9339 73.2102
75.7688 73.7733
76.6995 75.0165
73.9202 75.0518
75.5241 74.8563
74.6175 74.8014
75.1608 74.897
73.9571 75.2102
74.2538 75.6143
76.8168 73.0078
74.3005 75.5201
74.944 75.9146
74.758 75.3799
76.6571 74.516
76.4868 76.0034
74.9168 76.8389
77.0804 72.9194
75.9397 76.041
75.2202 74.6146
77.4247 74.4606
73.5032 77.478
73.6944 77.9246
75.8014 72.5811
74.0404 73.7581
76.9048 74.227
76.7888 77.0573
75.2319 72.1119
72.3631 76.4392
73.3991 77.0013
73.6715 73.1007
72.1911 73.9845
75.3603 74.8328
73.8308 78.4092
74.9788 75.0309
75.0864 73.0776
74.9265 75.021
77.7942 74.842
77.2512 77.0918
75.4576 77.1354
76.4034 74.8606
75.0366 76.6015
76.109 75.5785
76.1502 72.7367
74.8596 74.9804
73.6902 74.3519
74.9716 74.9262
74.696 75.3417
74.9673 75.0393
76.4367 77.6798
75.7748 75.2286
71.5651 74.8251
74.9908 74.9726
75.7787 73.5459
73.3558 74.4549
75.0005 75.0645
76.7709 77.7735
76.0085 75.0083
76.4808 74.08
74.9353 74.8262
73.1825 73.5211
77.0986 76.7375
76.8073 77.103
75.517 74.5639
77.1643 75.7057
74.1957 76.2928
77.0646 77.0846
77.3482 75.1679
76.8764 74.3643
72.1317 76.8256
77.3799 73.8581
74.8486 75.7828
77.7901 72.9736
74.6148 73.9034
73.1968 73.815
71.916 73.7998
72.1182 77.0388
76.1206 73.5358
73.5565 75.5954
77.3945 73.8463
74.816 74.8607
73.1087 72.0314
75.1508 74.9254
74.6724 72.5108
78.4298 75.5015
76.0536 77.4216
76.8599 74.6529
77.6504 74.6582
75.1321 75.0252
75.0783 75.6394
75.3867 75.7876
72.3864 73.4935
74.3534 72.2766
74.3452 77.4228
74.2575 73.981
74.8915 77.9558
77.3465 75.6091
75.7395 72.7467
75.0305 74.9903
76.3267 76.1634
75.5769 77.1219
78.2407 73.4073
74.0494 72.2921
74.9973 75.0742
75.0965 75.3097
75.1577 75.2425
77.9571 72.9281
75.9039 77.2626
76.7221 73.0223
76.3013 72.7795
71.539 74.4865
74.9888 75.3255
75.7185 75.8935
76.1163 78.1297
73.1309 75.5039
74.8921 74.4275
74.9201 75.3261
75.0136 75.141
74.7717 72.6737
75.3678 75.3901
77.4541 73.6247
74.925 75.9448
78.3894 75.0056
74.6454 76.3559
74.556 75.377
73.1678 73.6893
75.0926 72.0069
74.4869 75.2067
75.0323 75.0235
75.9866 78.1596
75.5856 73.0455
75.0898 71.9292
75.7367 75.0579
73.797 74.4017
72.3639 74.1727
77.1469 77.0904
75.6154 74.5253
74.9177 75.2982
72.1031 74.2957
75.0961 74.6258
74.0173 72.2912
73.3808 77.9145
75.7102 74.0758
76.6437 76.2337
76.9319 75.8716
76.409 74.2291
72.8251 76.9483
75.0156 77.429
77.1963 77.6716
76.4345 78.1543
73.1698 76.4897
73.1175 74.8051
75.0396 75.1266
77.2829 74.6968
74.2555 74.772
73.627 77.7036
74.7674 75.7436
73.1362 73.655
75.4248 75.8145
73.5398 72.9911
74.9567 75.0498
75.0271 74.9121
76.7579 76.2797
77.1838 76.0246
76.7125 75.6225
75.385 72.6204
75.7736 75.2108
75.7239 75.8191
76.4071 72.4835
71.9046 73.2038
73.2037 76.7164
74.7393 74.6933
75.5961 74.817
74.9221 75.7134
75.0168 74.9851
72.991 77.4208
76.0219 78.136
73.5859 77.2982
71.9425 74.3554
72.0558 73.3259
75.1401 74.7288
72.477 74.1747
73.1223 77.6425
73.2137 77.5108
74.4134 74.736
75.8592 75.6845
73.3904 75.0178
74.9885 76.6683
73.697 75.1251
74.6785 74.3064
73.1168 77.6948
74.2051 75.1535
74.5918 73.9533
76.9788 77.5093
73.5843 76.1315
73.1328 75.8571
74.3433 73.8547
76.0374 75.8035
75.6312 71.9585
74.2794 74.6615
75.3724 75.0633
74.7453 76.0193
75.5701 74.9694
76.3199 74.697
78.3217 75.0234
73.9102 75.7193
75.4961 75.7413
75.8218 73.0004
76.3047 74.9461
74.8089 75.8267
74.7609 73.7133
72.4824 73.8942
74.3742 75.1772
77.2321 73.0734
75.0026 75.7831
75.0714 74.8346
74.6071 77.054
78.1516 75.0919
75.9823 74.1641
75.8272 75.9591
75.3104 73.2964
75.2792 71.7697
75.5035 75.8007
74.766 75.3354
74.8474 72.9414
76.0107 72.9537
75.6063 71.5274
77.0678 77.9465
74.7549 75.3024
76.0413 73.0242
75.3533 72.5595
75.4044 76.3524
73.1879 76.7738
75.3644 73.6649
74.3657 76.371
76.4844 73.2119
76.7142 76.4643
75.0153 75.0558
75.1837 75.1397
74.5467 75.7119
74.8437 75.0796
75.2456 74.4869
75.5146 71.5055
76.3166 77.4573
72.5176 74.4278
73.8155 75.9463
73.6582 76.3317
74.4016 75.9776
73.0341 74.1991
75.7851 76.055
74.909 75.1352
72.2356 76.4944
74.9802 74.3533
75.9742 72.8298
75.5078 74.112
74.1284 78.3299
75.5415 74.8108
74.5764 77.0261
75.4551 77.1493
74.2713 75.7718
75.9498 77.4229
73.7105 72.3329
77.1628 74.0683
75.2691 76.6097
76.6994 77.4045
75.7636 74.5319
75.1878 75.3646
75.5607 75.2763
73.7057 74.5312
75.4114 76.9937
73.2444 75.8757
73.4759 77.7817
74.4165 75.5194
74.5959 75.1626
75.0939 74.7571
75.2083 78.3811
75.9877 73.9587
75.0338 74.8353
75.2651 73.8875
73.4399 75.5432
76.4993 77.5307
73.3105 73.9336
75.0487 74.9898
75.098 74.6431
76.0099 75.2531
75.2701 77.6589
75.2977 77.0021
76.7747 77.0058
77.1232 77.6409
74.3404 75.0221
75.0812 75.0242
76.5504 76.3022
73.4733 75.3929
76.7801 77.3792
73.2964 74.9352
75.3318 76.6798
74.3336 77.7193
73.2039 75.4063
77.1743 75.9938
75.0069 74.9022
75.6335 76.2668
76.2642 74.6831
75.8483 75.4632
75.6466 74.1868
75.6867 73.9514
77.6502 73.7108
75.6545 76.4099
73.5475 76.7159
77.0796 73.1818
72.876 74.808
73.0545 76.3586
75.4822 77.0453
75.0233 74.8757
74.3471 75.681
76.5152 73.6562
74.9468 74.9935
76.1128 78.4143
73.1533 75.8021
76.5481 76.5038
74.9709 74.6184
71.8662 73.9103
72.1352 73.6711
72.3848 75.4651
77.719 77.2494
75.7901 78.1731
76.6091 75.4906
73.4668 72.811
76.7822 72.5754
73.9647 74.0982
74.5566 73.9274
74.5922 74.7602
73.8362 76.8399
75.9525 71.5231
75.2829 77.4713
71.5299 75.8607
74.9367 75.6881
74.8255 71.9047
75.5485 74.4841
75.7398 73.4515
74.9859 73.2541
73.3392 78.147
76.5679 74.6877
71.7411 74.075
75.6738 74.9195
73.9311 73.084
74.8068 74.9565
75.0267 74.9726
75.9552 75.8411
74.4842 75.3137
75.0678 75.7592
72.5628 74.5175
74.9952 75.0604
75.9296 78.1745
76.4433 74.5451
77.1857 73.3883
74.7497 72.1038
75.2788 74.1602
73.3289 74.783
75.4106 72.3841
77.5587 74.0048
76.4121 77.5539
75.5815 77.8712
77.2041 74.3321
74.778 75.2736
74.292 74.2674
75.8344 75.1623
73.5185 76.7389
76.8968 74.8412
75.4485 75.3863
77.7935 76.8212
74.9252 73.5822
74.0565 73.7175
73.4324 72.3675
74.746 71.4922
71.9178 76.1014
73.3667 77.1529
73.0483 73.6481
71.8521 73.7328
75.2122 74.0342
76.6088 76.9603
78.2933 75.8614
74.8144 74.7732
75.1323 75.0219
73.8614 74.2147
74.482 75.554
75.2554 74.0452
74.3078 75.0145
77.2455 74.3501
75.2732 76.6826
77.5252 76.4332
75.124 73.6603
75.6779 73.8214
75.2736 75.1846
74.4906 76.2417
74.3108 75.1886
73.6964 73.5198
75.0735 75.6937
75.6184 77.7368
76.7071 77.2889
75.6956 75.3163
77.1657 73.5834
74.4195 76.049
74.5463 75.533
71.9739 76.83
73.4031 72.0753
74.9655 75.2323
76.1838 76.397
75.9135 71.7138
73.4053 72.4591
75.9759 74.9353
75.1467 75.967
73.1888 74.6828
73.8904 75.5055
73.1222 73.7957
75.726 71.6821
74.2867 74.275
78.2072 75.2291
74.5051 74.2798
72.2849 72.8915
72.7637 74.1019
74.3054 72.5229
73.6482 73.7351
73.3014 76.385
74.9657 75.9959
72.0883 75.9481
74.2144 73.8851
75.2848 75.0919
75.0225 74.8437
75.9274 73.859
74.305 77.8422
75.097 74.6206
72.2315 76.0683
72.5621 76.9094
76.8543 74.2194
75.1672 73.0878
72.3634 74.8934
76.4278 74.5326
72.711 75.9097
74.8606 76.646
78.1306 74.2204
74.918 75.413
74.6298 78.1305
76.1022 75.3662
75.2499 75.9458
75.989 76.9292
73.9274 75.0386
74.4238 76.4404
75.831 74.7056
75.0114 75.1496
75.2501 76.234
76.8202 74.4187
75.0471 74.6003
76.4676 77.5299
77.0247 73.586
75.4511 74.0208
77.9997 75.2669
74.2782 77.7453
76.2445 75.9917
72.9295 76.4365
72.4081 72.7142
73.951 76.9934
74.33 76.9999
73.8622 73.7214
77.8123 74.0203
78.2301 76.5329
74.7423 75.5391
75.8928 74.4959
75.5657 75.4633
75.7217 76.2026
73.0297 72.3764
75.0263 75.1802
78.0884 73.733
74.3351 71.4558
76.7083 72.8056
76.1011 77.035
78.5221 74.8548
75.2429 75.138
78.0719 75.2413
74.0483 75.451
73.4718 75.8766
72.3882 73.6678
77.8777 76.1526
73.796 72.6041
77.7568 73.1577
75.0927 74.9292
75.4424 72.5707
75.0747 74.5255
77.1981 73.4478
73.9851 77.4876
73.8927 77.1033
75.4926 76.3411
74.9763 75.1731
76.1758 76.8692
75.1035 75.0812
74.6099 77.9366
76.8209 72.037
75.7048 73.7706
75.2061 75.5223
76.7123 76.6789
72.6755 73.8339
74.4814 75.239
77.5086 76.1288
74.9777 75.1112
73.2644 72.4111
74.324 75.0418
74.119 72.4357
76.0514 77.5699
77.9484 74.2203
74.5758 74.3767
74.8104 73.7165
75.0463 75.4129
77.3359 74.1508
75.9392 71.8989
74.8111 74.2174
76.8531 74.9928
75.7117 72.405
75.2169 74.0287
74.9822 74.6347
75.2173 74.9882
74.8965 75.6089
77.6229 75.0069
76.9933 76.3874
73.4716 77.6666
77.5563 76.3374
75.6082 72.4974
74.5407 76.996
75.7022 75.7414
75.1702 74.9619
76.3305 76.4784
74.0495 75.4736
77.2561 73.0032
72.0963 73.0999
74.8294 75.2396
75.647 77.1107
75.9301 74.9048
74.0009 75.9685
74.1872 71.6142
74.9867 75.1351
76.3417 77.4999
74.6452 74.6948
72.5229 75.7895
75.7646 73.881
77.4844 77.5268
73.5761 72.5097
75.5512 74.6303
76.4357 76.3989
73.9498 73.4442
74.94 74.8986
76.5695 73.5987
75.8681 75.9039
73.8637 75.1876
76.8679 73.7611
76.8092 75.1092
76.2539 77.1531
74.8725 76.6735
73.2544 73.6019
72.8858 75.7219
72.9097 76.0471
74.996 75.0053
76.6848 75.7969
75.8082 76.3803
76.0587 77.07
74.505 73.877
75.9245 77.8166
75.8937 73.1482
76.4079 76.413
75.0584 73.5597
72.547 76.5002
74.2992 77.1303
75.9937 76.6316
77.6066 74.8115
74.9897 74.8239
75.2678 74.8288
73.7954 72.4562
77.1586 73.4147
74.7946 77.2524
78.1526 73.5362
77.0184 76.6831
74.833 77.7344
75.6615 74.4355
75.2009 74.601
74.5158 75.4971
74.3147 72.621
75.2723 74.6837
75.8004 77.8203
76.3567 0.513486
127.006 24.9689
141.28 46.128
23.3164 24.5563
128.039 126.729
108.585 141.741
0.277073 73.6633
141.718 104.667
3.64648 91.8337
111.044 11.7585
87.2324 145.796
72.7512 2.62927
140.299 41.3893
137.273 110.616
36.7674 138.422
120.188 16.3327
37.3018 12.9094
2.76576 67.2557
106.667 9.02167
87.7588 146.423
83.3902 147.037
120.906 18.9164
149.899 74.8191
76.2431 3.33629
146.893 76.7689
146.674 90.7832
110.635 138.578
11.2728 41.1526
57.5953 4.44344
143.544 47.3294
128.334 124.42
4.5833 54.9165
108.708 9.72157
137.777 34.363
94.4893 146.15
94.6204 146.133
18.8581 124.186
141.76 104.96
0.942054 75.854
90.8567 2.22982
67.3871 149.214
134.445 30.0885
5.73572 100.604
29.934 131.03
6.85101 102.338
57.0318 145.16
30.7234 14.5215
0.543365 69.2303
130.271 121.697
55.1732 6.02759
130.561 25.7735
2.00502 72.4809
142.329 44.2804
5.26602 95.5618
144.811 51.4447
45.5224 9.90403
146.852 86.2679
143.346 52.3031
89.7491 2.69237
136.325 115.333
62.619 146.275
87.5069 146.399
88.1464 147.217
42.8365 140.769
135.102 114.078
80.6937 148.308
4.30855 52.6964
145.133 56.4339
2.69815 59.1006
133.084 118.649
145.645 91.9465
147.655 83.7588
11.8732 37.5035
9.30609 43.7559
69.2894 2.69384
147.601 84.68
133.765 31.3995
128.948 25.0471
137.138 34.5751
70.4996 146.894
140.907 107.863
11.9281 113.317
131.309 27.3733
112.7 136.381
142.993 103.508
147.815 57.3495
104.796 142.719
31.9506 16.3282
146.826 56.9421
17.1842 117.895
23.2144 128.395
17.9115 118.457
67.6977 3.13041
106.967 9.98618
143.828 53.7413
89.1443 3.29504
103.562 141.483
116.225 16.0444
5.6503 95.2654
56.268 146.585
72.2827 2.02583
146.769 73.1383
48.5519 5.38543
18.6869 119.517
7.96963 45.1051
128.575 27.5182
19.3144 29.7315
3.02541 55.6967
149.579 79.7297
32.1266 15.6933
106.142 141.366
143.825 100.982
81.1074 148.127
147.364 62.1868
20.1872 121.686
6.42752 97.7701
24.5088 129.681
80.7444 149.586
31.0959 133.291
94.7118 144.418
5.65359 97.0445
91.7405 2.2226
49.4654 5.95409
138.486 36.258
105.249 6.52671
94.9525 4.22938
17.646 28.4944
25.6898 130.086
121.416 17.6918
139.801 44.9309
122.958 128.639
84.0579 148.057
67.7217 148.756
29.8778 18.1934
1.34863 75.1586
24.7235 127.578
125.923 126.037
69.3518 146.809
122.051 129.516
141.086 40.3982
94.4464 3.76003
123.008 128.048
146.426 57.7706
74.2994 0.159836
140.36 44.987
103.529 9.38938
2.55996 81.0196
135.018 119.462
123.223 20.9475
149.51 83.3429
102.337 8.17515
70.1883 1.53479
130.049 29.1979
132.666 27.8329
49.7938 7.41111
118.094 17.8342
138.507 113.766
87.2437 145.641
143.723 98.4337
128.62 127.104
92.7833 2.31853
26.673 130.795
145.215 49.6129
116.93 13.9833
24.6917 126.079
120.455 17.2458
145.807 92.0063
125.096 21.8786
2.32315 79.9331
5.00378 95.1397
138.671 36.0786
121.367 16.8848
19.8771 28.6532
145.842 62.1156
105.436 141.011
134.615 117.791
99.2925 7.21371
6.01476 100.702
2.81885 63.6197
143.713 103.256
43.7456 7.19818
111.956 136.365
97.4166 6.46852
139.869 110.051
106.721 7.61645
139.197 111.332
107.906 139.08
57.3159 4.31673
145.975 52.7178
85.9747 146.828
82.8645 1.96563
130.768 29.6126
32.7591 136.821
137.321 111.676
140.439 43.68
97.9856 144.48
3.39176 82.4289
40 10.0228
115.863 15.3437
58.8542 2.19671
127.336 22.4064
116.508 14.0998
61.6876 147.257
13.7179 111.772
146.574 67.1484
111.852 140.203
111.996 11.097
146.963 67.7154
78.2147 148.979
146.79 95.9606
135.845 34.9672
123.435 130.456
139.515 43.4989
19.3492 122.003
54.1002 3.70169
56.3576 146.913
13.3301 115.571
7.82363 102.572
27.2065 17.8025
104.556 7.66689
1.97394 84.224
149.409 73.0055
145.944 96.2243
135.112 36.2055
112.444 10.3493
125.668 23.9979
132.36 28.877
61.3239 145.985
141.371 104.696
22.9194 125.293
13.9624 118.37
27.6587 132.41
43.8285 7.96637
93.6119 3.08894
17.7026 31.9251
123.617 20.3053
2.24217 77.5874
87.6273 145.611
71.4793 0.0850943
9.05255 39.5545
4.5594 53.0579
97.6664 145.051
6.59988 50.7696
70.4507 2.22452
24.2177 20.4664
12.3995 37.8837
1.58182 79.0788
16.2442 117.661
92.0181 5.44864
148.669 68.6935
147.065 57.16
130.174 24.8147
66.8535 2.2382
56.2247 145.507
131 123.404
114.031 13.8692
86.5748 1.541
26.298 20.329
138.396 39.983
0.577939 72.2572
146.027 91.6526
64.2598 146.047
142.382 46.6095
57.4419 5.54911
45.0075 142.705
17.9759 119.875
7.02215 98.2945
129.912 123.611
133.832 118.361
128.432 127.406
143.879 49.5128
61.9646 148.053
60.7289 147.901
138.707 108.532
78.946 146.339
65.9124 147.292
4.92389 56.2243
145.437 50.5102
92.3314 147.393
146.591 69.4103
133.967 34.7057
79.3434 2.87449
8.19187 103.901
134.252 34.9192
15.8642 119.291
13.9798 31.655
111.894 139.743
123.979 21.8643
75.4552 0.0370836
104.806 6.52599
109.629 138.495
86.7467 2.17055
4.943 101.69
106.15 8.73986
146.898 61.3851
100.256 6.40141
79.4192 2.51087
90.8687 4.46192
54.0956 146.062
92.6769 5.54881
104.318 8.33708
122.549 21.1134
98.4338 7.03401
122.162 132.306
140.374 43.2243
138.685 113.271
3.68969 54.9524
145.98 60.472
84.5657 148.131
71.6358 2.10589
147.952 85.5207
86.4744 147.018
10.5993 37.4321
113.425 138.79
3.42077 88.0229
99.4913 6.99576
18.1232 29.6846
142.467 100.69
4.58408 97.4762
0.20853 75.161
4.86165 92.6519
14.4965 32.0501
110.758 138.356
149.484 78.7288
80.5171 147.701
57.4502 146.618
120.754 18.5866
41.9675 140.199
42.7425 140.341
67.8217 147.429
140.889 106.708
148.756 88.5448
23.1206 25.3453
95.9964 5.3683
1.2103 73.4246
44.2622 9.27964
4.34889 88.7468
59.9288 146.469
136.522 32.4557
22.5708 22.7764
149.761 73.9349
143.55 100.598
115.889 134.108
125.44 21.9148
65.9797 2.40298
105.152 142.601
112.338 135.862
47.8396 142.084
149.541 77.307
93.7396 6.08345
91.891 2.32122
88.9833 2.39505
0.723365 70.4008
134.165 34.0809
130.596 120.178
53.1246 4.07292
147.441 63.5043
96.2131 144.004
149.008 72.4408
27.6856 17.1418
112.586 11.5759
146.529 65.8275
41.625 9.04251
116.028 134.986
149.571 80.2996
141.782 43.5239
2.58239 86.1861
87.5515 147.269
54.4439 145.363
135.976 112.677
3.11171 62.0485
6.72859 50.6016
144.764 98.375
136.876 112.078
147.22 79.8375
100.922 5.56197
71.9408 0.233586
144.327 49.7892
123.83 128.593
137.449 35.5478
147.561 61.3716
103.35 6.23681
43.5233 10.3574
3.7875 83.3169
4.13984 90.3029
2.46141 84.545
115.682 136.305
130.412 123.269
3.698 56.8372
89.5915 4.3449
144.592 96.3664
21.8109 26.0593
125.043 126.117
130.231 125.272
148.504 77.3889
120.831 130.224
83.4803 2.68955
4.03314 57.9824
117.163 14.623
8.45311 101.94
4.23232 94.6411
147.562 80.1201
138.604 109.194
141.875 106.407
137.49 38.289
144.422 51.5542
98.4482 6.72846
63.3129 4.26955
89.4746 146.181
148.116 81.0849
40.5121 140.135
110.378 10.7619
141.419 107.895
131.51 26.727
1.88478 59.9016
118.715 134.525
3.58617 92.8245
62.8711 2.01614
59.6298 4.26289
114.589 138.475
17.8782 118.99
132.8 117.301
109.195 138.37
66.4813 3.91881
149.772 80.5146
59.7693 4.98836
109.711 8.91679
6.66142 102.644
93.0619 4.22591
135.733 113.101
86.0546 3.87819
139.947 111.476
148.153 75.0609
49.0493 6.42466
86.6616 3.15106
21.5579 24.8042
85.9352 4.33775
55.3937 5.31693
4.99336 94.1906
148.108 69.482
128.579 123.196
108.963 141.544
126.8 23.9367
60.0774 147.764
134.173 116.188
19.4011 26.6245
6.67543 102.431
87.3011 3.0646
18.9548 119.656
50.1828 144.122
142.735 43.3974
18.9437 123.164
68.6686 148.809
45.8528 140.429
96.1724 5.472
119.716 132.443
7.73948 100.823
50.327 142.748
37.7203 137.497
0.475335 74.9851
74.4931 0.34227
41.0153 140.196
52.1673 4.4046
98.004 3.65085
23.4628 24.8586
5.93488 50.0202
40.0887 138.317
9.85667 110.013
109.726 141.004
107.145 7.91782
21.8789 22.5859
17.3319 119.723
106.051 139.848
55.2086 146.854
17.1717 30.6601
146.714 79.5657
15.7894 120.438
93.8491 2.49006
147.379 86.4703
33.7898 134.934
148.396 89.7568
81.0483 1.70931
110.796 137.374
95.8741 146.073
8.27734 104.486
121.538 20.3649
142.106 45.2494
25.8982 19.7447
144.086 94.7783
3.69826 56.0689
26.6146 20.9291
83.6465 148.073
103.377 140.762
4.23332 96.1169
2.51836 61.2651
6.7798 47.0076
67.0318 147.945
3.38362 72.852
77.1553 1.59864
123.032 17.5658
111.736 137.213
40.4976 139.662
8.86147 42.8561
140.898 103.014
53.3102 4.68667
24.5709 129.724
144.32 50.4726
85.9642 1.54361
48.8114 144.173
27.2513 132.828
125.321 127.3
78.4729 148.419
37.98 11.7274
4.17073 53.4182
35.8309 11.173
87.5667 1.0765
42.0634 10.775
31.776 14.3373
103.882 8.15918
15.165 117.058
142.484 102.598
58.3161 147.074
116.011 135.145
10.8828 112.821
142.605 43.716
138.444 39.9889
5.74966 55.1826
47.485 7.90106
117.617 13.366
106.957 10.2447
104.807 9.84186
95.5537 146.052
127.205 24.329
77.2504 1.19053
90.4301 3.71189
0.67856 68.5462
118.668 131.563
112.547 11.3281
62.7932 3.88213
13.0504 32.8123
140.087 108.495
3.45417 64.3497
145.222 98.7508
128.312 126.939
7.1411 102.648
26.6299 20.8458
12.4976 35.8257
7.67642 99.9815
5.8513 99.9335
135.564 113.828
129.073 27.0758
131.791 26.5082
146.153 98.6545
148.02 78.1688
2.70207 63.9154
139.283 41.5158
142.638 50.5008
55.9271 147.407
39.8003 139.919
134.624 116.598
104.507 142.839
113.676 137.891
115.562 14.8804
120.684 19.6148
136.445 37.267
148.131 58.8871
120.338 19.6441
55.6262 3.25007
35.7374 12.0962
147.725 70.5937
120.239 15.2291
43.2743 140.058
121.97 132.804
4.63446 98.2381
138.313 38.7691
136.903 34.6203
136.664 37.6281
11.7559 39.8282
100.388 143.168
20.1193 25.7373
88.8275 2.33774
103.042 6.48369
59.926 2.75824
143.405 95.6555
146.453 91.92
96.0163 3.36378
42.6876 8.45473
142.191 107.667
148.267 78.6615
20.9254 24.7307
21.6413 122.934
36.962 137.514
129.919 124.276
94.5825 145.216
147.705 68.288
104.156 142.269
123.328 131.194
135.509 32.016
119.598 16.7391
146.371 63.2261
4.84694 93.5677
19.5481 25.1018
83.725 0.673533
86.4552 148.29
49.6708 6.0623
11.0737 38.4681
44.8613 8.03803
64.9928 2.58291
148.794 70.6889
145.418 97.1917
112.778 137.455
82.5862 2.22736
38.8282 138.536
41.0367 12.0009
147.292 87.0626
91.9497 146.871
96.8209 144.336
146.216 57.5861
2.49814 64.7317
130.701 28.5026
143.898 96.5747
2.98325 66.0737
16.8115 32.253
58.1202 147.704
46.269 141.352
146.715 56.4675
36.5665 135.689
29.4737 131.39
131.117 123.702
140.835 107.825
146.745 87.3416
34.2609 133.994
118.572 132.297
149.087 84.7733
143.285 104.094
15.1146 116.504
32.4345 135.27
85.3793 4.21401
137.908 112.513
27.9537 130.9
3.44121 57.6307
142.001 104.3
19.7861 124.823
57.4395 146.968
16.0064 117.125
114.372 136.525
137.635 38.996
120.448 131.998
53.9454 3.606
34.407 134.359
2.31779 61.3497
2.51722 80.7743
122.557 132.451
1.42743 86.5408
18.4567 122.544
30.1417 18.2037
38.7939 11.9715
120.242 15.916
22.7694 23.4939
98.7851 7.17417
148.407 60.4773
7.52099 98.7322
86.7006 148.18
88.8598 148.638
144.992 101.216
45.6438 142.199
147.193 71.9481
61.121 145.395
95.1526 4.40915
134.463 120.139
141.382 102.039
50.7659 142.315
140.348 38.4286
149.246 76.6085
124.336 129.37
125.132 23.2787
8.66111 105.858
4.18726 84.4086
145.026 52.4678
1.46005 66.7599
12.3819 35.5812
112.448 11.7547
46.2478 7.60932
73.6615 1.1462
6.62947 97.811
21.6332 22.5166
146.067 86.4682
126.56 125.363
145.176 58.8653
6.85084 102.469
129.633 125.107
144.859 58.5503
85.4894 147.691
2.74125 86.5271
143.14 49.66
146.893 93.4331
25.1864 21.7799
3.5255 69.0279
88.9665 2.90724
5.46318 58.3008
16.1067 118.392
137.576 110.51
97.7025 144.765
81.6577 149.691
2.72711 85.6761
144.845 53.0385
147.22 86.1783
46.6897 6.32408
89.8843 4.94218
148.779 83.8822
131.023 25.5869
24.193 23.1234
77.4635 147.595
23.4304 21.9009
40.2235 139.412
124.951 126.486
11.7438 109.175
31.9733 16.1486
27.8278 21.067
47.7274 142.277
122.806 130.835
13.9597 112.978
12.8911 34.7576
1.7847 84.3505
1.09981 62.8016
122.758 21.879
140.658 108.866
144.24 52.1375
20.7024 123.6
39.6325 10.9159
83.012 146.463
1.64078 86.1024
11.9017 40.2656
51.2695 6.92325
7.59294 50.2618
15.5653 30.8826
2.50615 81.5255
134.434 35.4381
136.32 37.467
147.547 92.7383
68.5116 3.05431
144.228 96.4035
84.5167 148.606
123.796 18.8406
100.749 7.10833
74.5581 0.398098
124.622 21.5732
9.67704 107.393
139.354 38.1711
18.8178 121.391
25.32 131.176
76.1955 148.194
117.731 17.5264
26.288 20.4659
110.249 9.63276
8.02106 44.1549
127.509 22.4501
146.578 83.9417
28.9259 17.374
106.413 141.312
2.01888 84.7359
118.933 133.661
144.883 90.666
25.613 18.7526
57.2262 147.451
20.4255 126.438
7.93883 44.0092
9.00393 45.8688
9.8388 111
84.6353 148.649
5.97334 100.034
49.8086 5.43291
106.595 7.27916
42.4277 139.495
24.3102 127.894
140.612 105.949
27.6251 18.6573
57.5986 4.93834
37.8614 10.491
115.625 135.042
117.461 135.097
79.6627 148.942
146.039 92.9749
81.4155 146.8
113.073 12.8813
94.2182 146.776
149.333 72.6952
35.2907 136.279
146.972 56.5727
65.4613 146.725
108.763 140.909
40.8629 141.231
44.1242 9.93023
116.709 133.669
14.597 33.4029
9.66233 42.408
48.648 7.02897
39.0281 136.867
16.7307 30.1659
22.8669 127.557
22.0087 123.802
60.1179 147.932
21.4269 26.0347
148.389 86.3868
135.175 34.483
129.631 28.7897
113.563 137.63
64.1757 148.931
137.285 112.516
119.829 16.0216
100.492 7.46576
71.6035 0.823638
114.066 135.5
115.188 137.351
118.296 18.224
2.49271 62.0731
92.07 144.53
132.419 30.7409
9.85532 106.709
87.5624 147.456
50.3668 142.428
2.60287 75.4147
41.6998 8.80561
121.25 19.383
40.2951 141.484
123.342 130.964
92.3702 147.723
88.1149 2.96488
137.471 109.621
142.576 43.6517
84.6036 0.638774
1.26291 62.6704
102.691 141.832
139.093 112.899
125.358 23.0576
15.0674 35.6623
37.3429 12.8026
142.435 100.71
148.136 73.2106
7.86754 103.472
103.368 7.26561
45.0037 140.712
142.93 46.1075
103.651 6.71111
30.0882 19.005
56.3546 147.079
82.2615 146.282
86.793 146.935
148.968 72.2579
3.6137 93.2865
132.855 32.4904
89.7248 148.402
101.81 7.70599
71.403 1.8141
47.3084 142.07
66.3835 3.7356
59.8517 3.13753
145.002 93.0713
111.864 136.152
125.392 21.6835
99.1539 142.624
106.156 7.40484
145.33 96.496
114.835 135.038
149.009 69.1843
78.1967 0.999891
13.2408 37.8611
86.1518 2.44037
76.4638 2.96055
2.64964 72.4862
142.471 103.966
3.48378 95.1128
8.89286 42.4632
65.3796 147.687
117.753 14.4031
144.86 56.2226
19.2218 123.675
2.54893 81.5228
11.6779 111.098
3.13202 92.063
54.1888 143.327
122.356 19.0979
64.371 3.74189
142.428 50.5212
145.481 50.8639
9.34727 45.1535
108.159 140.146
120.829 133.093
35.3282 15.3447
121.738 130.538
147.047 55.7533
93.4912 5.77142
127.825 124.688
52.3685 144.205
0.985112 69.4665
70.0732 1.77162
99.7466 142.554
53.2709 144.021
132.966 28.9633
33.8779 135.876
40.2436 138.95
14.0541 114.518
144.256 55.5042
84.5748 3.14412
21.3227 125.602
4.56737 88.9316
21.4823 126.751
147.829 84.9253
142.072 48.5888
141.098 41.3629
129.601 28.7363
1.27981 80.4589
20.7729 123.266
73.0732 1.31469
2.00868 84.8923
98.919 144.749
26.3193 18.3583
122.943 132.599
0.666615 69.9005
73.2954 146.826
145.324 52.6128
66.903 1.02461
23.5051 24.9328
75.4043 2.78547
31.4168 132.422
146.883 94.1385
85.1308 3.02744
3.34506 72.9312
10.1145 41.3788
20.6775 125.991
146.71 79.2378
145.699 63.5842
146.921 55.8528
54.2682 5.05126
10.1478 42.5133
36.8354 137.43
7.62153 44.4881
50.7286 5.73891
1.10561 85.2802
68.5037 147.387
2.83675 79.5093
137.803 40.4093
112.658 13.0396
3.61437 97.81
124.394 129.867
6.23816 49.9836
82.4097 146.799
9.73239 38.9439
118.334 15.8793
141.825 108.009
21.3196 125.991
127.646 128.383
55.0613 3.11244
127.777 23.623
146.033 90.3137
68.7353 2.47186
147.885 58.6857
115.264 12.3836
8.86018 47.4381
138.724 109.506
71.554 2.66108
7.45358 104.724
10.8908 42.3315
32.5293 135.245
145.968 58.7109
4.4477 57.476
1.06508 86.4862
138.697 37.5207
129.931 122.963
86.7534 148.778
124.152 129.921
24.3869 125.979
134.204 31.911
92.3973 147.358
87.1615 145.701
53.3825 6.07283
47.5649 6.4594
149.143 79.9497
9.14063 40.6193
132.847 31.8427
52.8782 4.88778
15.2251 119.104
8.08967 102.583
138.115 110.487
91.685 4.32057
136.602 112.349
3.76257 92.3616
42.6592 11.1008
74.2003 0.302733
60.0856 145.854
55.1692 6.35814
122.905 18.5224
0.946062 80.2201
6.59344 44.8315
135.343 113.801
11.7232 36.1667
57.1978 144.929
138.044 113.855
144.245 57.2469
95.0436 146.721
68.77 1.65531
147.005 78.2542
58.6465 1.85792
148.581 73.5945
76.8167 2.29971
82.8587 148.275
147.687 85.1077
86.4386 147.514
14.3395 34.726
144.789 58.5845
3.46422 87.6342
142.83 100.825
83.6476 1.89802
33.0072 13.962
107.925 9.44501
124.843 128.804
16.0513 34.1504
114.851 12.2108
146.047 65.007
54.7914 4.93658
131.712 30.2071
33.7021 135.384
149.709 75.5871
66.0069 147.955
1.5219 70.0677
61.2518 146.917
77.4743 1.89999
146.622 66.1624
9.44938 41.3853
130.986 124.277
146.507 86.3436
124.351 131.16
131.118 29.0062
125.413 21.3835
133.923 115.37
129.511 122.763
129.815 26.6048
43.9874 8.96551
64.7208 147.886
5.71518 97.0669
139.272 42.7679
137.097 34.1832
53.0061 143.349
33.5465 133.785
143.138 105.528
132.168 31.6163
49.0428 4.7305
95.7013 5.03949
38.3275 11.7397
12.09 36.1819
92.2773 147.746
147.309 75.8495
48.6235 6.02785
10.9522 110.72
13.2634 34.2925
30.7108 17.5305
142.694 52.0268
37.6032 10.0049
12.8022 112.356
41.1301 8.25026
15.3197 116.118
62.6073 2.98753
93.4763 146.697
87.9451 146.334
86.266 4.48961
2.00661 84.0148
125.101 126.098
1.61811 67.2524
37.123 10.9677
148.703 83.9732
15.8755 30.3695
10.5516 106.014
3.72114 85.3348
146.996 95.2654
44.2634 140.678
147.271 65.1373
84.488 1.39888
146.217 52.576
148.185 74.59
32.6482 14.1602
148.446 80.6182
101.25 7.14986
99.3673 145.804
4.97628 95.5037
138.068 39.2855
57.9698 146.012
133.482 30.4593
145.436 52.095
54.22 144.992
33.8522 133.861
20.5294 28.375
112.541 136.893
120.807 130.903
147.643 89.6009
142.982 101.328
117.041 135.609
146.428 56.8025
85.6799 148.456
3.21029 67.1233
3.66468 95.6064
126.356 127.343
31.808 133.409
67.7717 2.17789
46.4625 140.785
64.5297 3.7696
78.9476 146.694
145.99 91.0922
146.905 68.6009
93.1014 5.84256
141.722 105.624
42.6665 139.074
24.143 21.6493
65.0484 148.997
127.18 127.063
17.1079 120.221
4.40815 91.5748
149.218 66.8374
148.714 85.5121
139.704 108.027
89.8349 3.73024
30.5089 133.175
53.2856 143.07
7.48126 104.195
3.25546 95.0838
41.2206 9.2374
86.4283 3.16195
11.4671 38.3481
56.6692 4.95606
107.221 142.702
4.06565 89.7337
2.36458 90.4491
13.9687 37.2342
50.1943 7.6145
51.4126 143.43
81.7752 149.379
109.775 12.1868
38.1958 10.1087
98.8292 143.136
135.872 35.5877
117.829 13.8825
4.6023 95.0424
118.491 16.1433
137.167 34.7205
74.2146 2.63203
2.6775 71.998
42.5881 138.812
80.1925 147.445
11.7291 36.5536
58.1962 1.995
115.346 11.964
99.1126 6.52807
98.5869 7.065
139.546 38.7843
116.706 14.5743
61.2703 145.202
103.107 140.831
42.2479 8.51769
3.01472 71.0155
1.61381 68.4485
2.21135 82.1676
53.644 5.66531
21.8109 127.093
128.698 25.9228
136.014 35.942
6.92149 105.496
29.0903 17.9221
83.2657 149.436
8.85309 39.8034
1.80172 70.1603
4.93788 59.285
8.21933 100.672
12.2828 116.074
101.838 5.03567
101.181 5.45882
121.846 132.799
51.6763 6.52562
39.9856 138.718
75.7214 147.436
9.59351 44.9694
105.739 139.941
144.628 49.3081
27.5414 19.0228
75.026 1.57157
132.312 118.991
75.6519 148.853
33.6496 13.9519
3.69569 67.8195
52.2273 5.94004
141.375 101.899
29.3707 18.2707
1.34287 88.8569
147.525 85.2092
74.1613 149.098
122.607 18.6619
8.58201 106.568
55.289 5.62099
88.1482 4.1889
135.036 30.4554
138.186 109.227
8.84361 46.2105
71.6813 1.21627
134.251 34.023
132.487 121.184
52.5494 7.17645
8.84285 110.152
128.642 22.5989
118.994 133.08
100.061 7.80345
4.31363 97.2656
28.6504 18.8144
31.2226 135.58
30.3636 15.8877
138.097 113.39
106.318 10.0735
43.7292 139.368
139.049 39.0467
142.621 106.1
25.0585 23.6844
22.5537 24.7435
99.3695 5.50922
18.6343 28.5702
53.3237 6.81074
132.446 29.6216
147.348 60.2184
144.77 97.3441
57.4336 145.584
136.245 113.629
90.3443 4.3459
146.999 87.585
97.1015 5.36167
3.10407 73.5433
4.27169 87.2588
74.5369 3.41708
59.6208 146.418
67.0526 4.03979
104.844 141.757
113.892 11.2657
1.83939 83.8267
48.9762 5.31539
1.55064 61.7137
138.42 108.456
72.5243 0.300535
74.6273 2.81541
117.019 136.129
123.538 21.5542
135.56 113.992
9.14584 47.3094
75.4944 146.853
29.3135 19.7191
140.392 104.858
