1250 1250
23.969 148.822
5.93535 89.6242
81.3427 8.57397
94.7293 63.5356
126.339 135.945
63.4722 98.3289
139.565 51.6578
38.1923 66.7006
118.528 104.313
83.6521 43.1146
21.8724 86.8896
84.6824 21.9627
22.5248 2.99009
83.1611 103.1
58.223 139.318
26.9691 28.4862
71.4253 38.5634
147.061 147.821
23.9314 100.51
115.166 125.727
25.8836 19.5045
47.5095 132.429
59.9706 62.6812
77.391 74.2567
17.3157 113.681
21.5843 32.1106
29.2812 89.3876
126.445 129.584
79.4263 81.0423
79.9598 17.4017
142.541 119.633
41.7518 82.966
45.2172 0.410858
10.4794 29.7296
7.0939 62.0306
133.85 61.2475
115.954 103.976
11.2674 0.845976
41.1832 101.032
135.51 49.5624
33.9942 120.508
90.1432 112.202
99.7895 23.1792
90.7481 72.8467
7.35433 102.703
106.861 110.645
84.6395 50.2592
149.553 125.964
127.684 99.3177
117.814 120.748
60.7584 120.211
93.8986 14.4934
124.685 85.5121
89.9611 68.0522
111.141 56.1682
15.2452 88.5342
145.479 15.4655
41.4008 96.8126
66.6889 86.2399
103.032 107.621
144.053 116.29
76.0268 142.817
15.4922 124.069
73.0755 41.1891
93.5834 51.1848
117.905 10.5346
74.9783 8.48822
60.6461 100.302
89.4489 73.085
45.9093 103.053
5.45105 84.07
129.07 15.7624
56.7542 62.9393
144.996 67.5954
59.0408 68.1148
93.575 124.593
38.2469 0.563734
67.8742 89.405
147.032 18.833
49.6681 16.0839
73.7216 49.3475
27.6297 97.2886
49.6562 105.269
29.7151 147.503
14.1566 50.0882
142.489 18.8919
73.2281 112.734
86.0461 66.6393
1.38757 97.5412
109.709 148.937
88.2969 141.472
81.3183 49.6679
136.635 42.0174
97.0855 111.026
27.11 102.039
122.072 22.152
92.9359 33.2877
11.5695 104.458
102.962 75.3819
116.405 82.8557
69.1962 123.401
30.8352 66.602
86.2851 91.3245
68.0716 136.205
60.7028 110.716
140.791 40.3683
34.1782 39.039
126.373 121.632
136.268 143.348
102.828 53.4772
99.7796 138.623
1.4305 5.14247
138.727 105.52
89.3948 69.8971
83.5452 134.656
149.561 67.9567
117.32 139.013
118.681 137.699
99.0139 83.0707
21.3259 112.428
118.409 71.4501
48.1098 71.5416
42.267 135.32
90.2493 51.0261
59.9717 117.763
136.847 68.4595
75.5612 130.112
58.6994 44.076
30.425 71.9413
70.4151 75.9718
6.27429 149.501
95.55 104.545
90.3337 99.6502
70.1355 47.7257
99.8878 16.8042
123.934 18.2665
105.547 88.6545
7.81062 47.4601
18.3532 47.5837
54.5354 44.454
91.2677 149.404
134.788 112.151
67.3865 135.277
76.9879 31.3516
132.831 127.616
3.76596 110.696
74.9541 14.0515
135.113 126.701
95.7799 143.461
36.5337 64.8142
104.298 100.947
87.2724 55.7946
43.4831 7.48704
93.9437 85.8842
47.9834 124.213
115.183 91.3036
143.619 146.909
35.4889 27.6739
122.714 81.9397
82.3349 102.031
50.9811 111.597
125.2 145.503
74.0956 142.177
145 147.887
62.2384 27.1712
107.257 116.6
67.2117 76.4594
115.678 75.0945
91.4818 90.5418
115.734 64.0596
118.177 73.2987
0.0878136 11.5211
97.7503 25.0248
11.67 58.1494
36.3104 120.102
11.0132 38.5843
38.7457 109.858
92.3712 74.3156
144.737 128.12
91.918 107.672
81.4764 60.2648
149.182 22.9441
76.4562 85.2485
61.9197 125.24
19.7764 107.498
132.755 92.3006
89.7541 74.1337
89.783 42.1898
64.6478 42.6452
123.726 146.963
52.0275 6.2867
75.7656 59.5509
102.171 4.26264
106.582 126.863
70.1278 20.9407
55.6805 11.5629
69.8229 146.853
50.6176 32.9284
13.3197 82.6954
62.9233 143.424
100.962 21.6968
21.4012 36.5102
63.3808 147.269
121.752 18.6324
54.6508 113.34
0.97697 83.5153
63.4612 66.978
139.778 34.8815
148.827 108.626
129.889 94.409
19.5306 25.5375
3.88564 71.2538
124.232 63.7542
50.7711 38.7405
100.456 57.2931
106.533 102.125
93.8045 20.1354
20.4735 14.8218
80.0047 44.9541
94.8921 35.6835
35.046 119.632
119.015 117.521
37.9324 99.6225
146.916 68.663
21.3017 26.9667
14.2141 28.4192
5.74967 128.08
87.2778 102.009
28.7757 123.152
28.6705 58.2984
110.922 67.1786
63.2079 126.96
21.2544 29.131
137.72 61.4993
55.8247 97.4148
59.6513 111.202
38.1728 59.0937
110.936 11.9119
76.7944 137.129
124.385 3.88306
59.8296 96.9444
90.6622 123.068
7.08588 33.9331
67.9904 29.2258
117.521 61.9701
86.0349 134.017
125.847 106.315
118.413 20.885
44.7251 53.7274
103.141 48.0001
145.528 48.7827
84.4511 34.9589
70.484 16.7709
7.94376 33.1686
12.9696 127.91
96.5798 125.153
34.4367 37.2226
66.6077 65.6075
47.5871 112.482
64.8089 118.581
132.8 55.1617
125.692 56.5266
13.5487 102.293
10.3795 41.3139
1.76123 109.526
127.221 31.0074
13.7599 44.1816
87.3855 124.618
27.164 62.9363
86.651 47.6783
138.973 64.2441
118.293 22.1664
53.7941 9.40559
4.24641 81.7891
62.2941 142.157
74.898 52.7148
129 18.1602
53.6007 18.2476
146.472 22.6484
119.105 13.6551
128.102 27.1974
40.2891 118.363
97.5893 99.4074
40.0314 0.53681
37.0257 72.0019
105.78 17.6184
69.2969 68.9081
13.9613 139.897
42.9293 68.3465
118.033 133.561
95.4217 77.4554
84.4909 147.885
29.8478 81.4817
104.355 104.804
45.0842 120.044
128.605 126.418
82.0143 6.02631
77.4883 118.276
13.7873 84.3491
104.346 14.8794
144.153 95.7089
93.9988 144.497
128.547 24.5739
135.298 82.1608
102.172 34.0608
141.512 149.112
79.6177 43.4938
128.407 87.1857
48.528 4.80315
69.967 100.604
78.3251 65.0953
76.3851 99.3726
113.833 57.2281
8.75621 62.8594
64.3389 135.742
34.2961 92.7709
31.0327 122.095
81.8668 105.066
137.325 57.6304
67.1711 127.767
5.9018 97.6278
105.582 80.3726
90.6228 124.685
39.8908 114.709
141.725 46.4027
73.4372 92.8838
118.226 138.803
110.85 36.6163
75.2842 76.1088
25.4238 61.8696
112.773 137.207
100.123 18.8649
147.394 130.505
112.811 108.685
146.069 104.408
147.698 60.44
117.734 69.1892
136.263 82.455
140.352 123.098
110.121 139.902
102.543 15.7638
38.9804 2.39366
146.654 128.634
66.4559 60.7238
113.7 53.3678
124.507 73.3867
115.502 42.0858
28.0389 106.529
9.53432 119.635
112.492 64.3409
88.0242 69.3821
59.0616 4.36011
9.01181 89.523
119.678 128.611
79.3368 83.0382
62.6293 123.037
146.902 96.8756
43.604 48.4315
146.476 47.8207
83.6712 110.588
121.079 119.904
10.9149 87.4778
24.112 99.1046
92.8999 38.8721
138.451 86.3587
72.3028 28.8688
8.06006 16.6955
141.576 97.3428
15.9999 59.4435
52.3213 95.2766
79.4176 108.922
0.838877 67.85
142.728 71.5231
10.2269 88.089
23.056 73.7354
74.9895 91.0624
73.4942 21.3345
8.49626 119.046
77.8347 120.995
0.203132 73.1659
93.1154 149.048
122.483 139.87
33.8515 36.251
50.4419 39.7929
43.5471 117.29
6.21984 17.6449
85.1565 1.06613
113.073 33.1018
116.93 126
138.041 79.6618
116.978 32.159
10.2987 149.963
24.5116 7.81811
138.576 52.9274
142.344 19.0493
65.6626 62.6939
129.107 63.3722
99.8378 147.155
57.6045 43.48
53.6506 116.09
78.2512 15.3765
64.6397 67.6317
33.1788 10.1019
55.6275 139.257
93.128 96.4131
145.936 70.2761
23.0912 47.9166
56.623 72.4871
93.3959 107.802
110.341 14.081
89.9455 9.7897
112.872 28.182
66.0995 7.54217
13.8453 75.4586
100.13 48.2934
41.8962 130.552
83.7496 132.879
59.3304 129.457
118.131 59.3073
35.3971 132.41
51.2621 130.218
64.4029 26.5794
38.5939 25.5875
88.565 59.0718
14.0763 25.3734
69.0647 60.684
75.8088 109.206
22.8634 79.1387
80.8877 26.9088
88.5733 52.2371
0.0979825 87.9229
29.9719 140.851
56.5094 101.692
36.4953 71.6097
90.9506 110.863
37.7296 67.6243
95.3422 112.724
11.6559 39.6345
8.50128 49.054
102.471 12.9581
72.3282 29.9972
75.0398 102.043
132.561 134.593
145.816 27.3272
57.7755 91.4608
0.507996 31.8119
11.2926 146.222
34.4941 108.6
77.0524 37.3145
53.9661 21.819
5.62741 3.99806
64.8339 94.411
23.0538 78.7986
74.0872 112.253
126.876 47.9626
114.811 6.03794
145.832 149.03
45.7282 11.3138
118.003 84.8214
117.527 56.9211
1.19513 123.97
123.932 31.6906
27.9107 13.716
127.465 29.5351
121.625 108.712
135.292 37.0924
71.5926 46.9352
130.547 50.2493
71.6164 56.0239
61.1261 24.9845
7.22754 22.8793
5.04067 105.211
47.2816 87.6661
56.3851 50.9318
60.1895 142.43
72.6729 32.3421
82.9243 74.2241
74.1389 67.2704
101.185 68.6113
76.3251 96.3768
97.268 103.413
40.834 11.7997
70.2287 147.624
72.309 117.764
111.943 2.96931
108.407 66.7361
47.8789 116.214
11.1292 51.0883
54.9148 126.014
10.7514 135.311
67.9904 93.3689
83.7697 22.6959
67.0215 89.9098
8.29562 23.4345
31.8395 116.046
56.4782 34.2109
118.43 133.369
15.3021 124.358
68.8861 94.8597
135.921 110.494
129.655 98.5294
35.7741 140.722
137.931 128.181
115.683 85.9931
105.631 76.5471
112.349 117.438
10.8915 96.0057
128.31 42.7264
145.864 60.0505
11.1296 97.2306
55.9244 39.4837
62.8377 53.8213
16.0951 71.4641
32.7557 53.9426
94.9455 66.0496
122.014 131.113
58.6764 96.5147
98.6009 24.237
59.7172 39.9589
66.2581 27.3474
120.756 94.1579
143.763 57.7369
82.2469 101.015
71.7385 137.454
85.4459 93.6297
77.5262 96.8542
20.472 144.303
108.748 63.9277
109.253 145.431
133.519 108.29
122.22 92.2963
0.872889 57.6408
146.971 125.617
65.0327 130.238
136.868 124.551
93.0438 65.0191
76.1853 128.407
26.0046 135.975
73.9997 135.052
17.4291 138.74
4.29436 46.5716
59.8119 60.9783
53.0669 146.525
132.748 61.7231
138.28 109.485
39.6868 41.2724
81.5726 117.322
120.677 30.3661
14.7086 146.304
109.678 31.808
57.0556 3.16879
100.151 70.9795
91.9022 79.263
18.9697 125.962
31.6939 5.1007
128.324 105.691
71.7341 6.27479
117.963 103.116
91.3942 53.4907
124.942 41.0733
142.194 22.3316
114.295 26.4203
56.8717 53.1336
120.638 0.717158
105.703 87.4165
114.222 68.2755
135.13 45.4958
79.8642 83.851
93.9326 110.844
69.523 22.2772
30.3899 41.85
107.051 23.8684
12.538 1.12466
0.409411 140.971
85.6929 135.871
111.148 90.0887
136.959 11.1826
107.193 25.7768
109.631 40.8666
135.431 33.393
86.8252 107.152
73.8536 0.937445
33.1165 144.995
65.4907 11.0313
74.9212 112.144
30.8163 94.8959
71.2143 99.1625
21.2523 68.6264
124.359 71.8241
133.709 61.7248
10.1135 106.651
141.982 17.6004
74.7596 0.927803
66.2877 124.353
65.1776 72.4767
111.695 110.298
54.5808 10.0695
142.506 26.0886
73.2601 38.5131
84.9609 57.787
20.9181 74.1256
11.1478 22.8707
145.059 135.76
148.834 137.089
49.6134 24.1546
32.3559 23.9126
145.238 81.2212
35.0735 26.5432
121.403 4.00554
148.932 30.3792
18.0208 66.7179
127.932 9.93738
38.0896 49.7859
82.5542 113.17
83.5955 140.672
112.585 77.07
100.935 116.439
74.8873 85.396
128.748 109.477
18.4397 49.5532
145.917 26.1594
75.4988 16.7074
28.0408 101.067
60.2895 51.5319
118.912 86.663
131.866 114.804
74.5249 60.2206
63.065 65.7656
26.5388 124.892
99.6513 77.6435
145.65 22.3633
146.431 28.3816
102.958 103.487
33.3536 137.897
56.9825 97.6256
115.89 35.8569
38.4121 62.768
135.342 105.852
45.8723 72.5798
132.091 81.8015
69.5027 145.632
59.8215 121.906
111.037 18.7007
120.461 117.487
47.2236 58.8041
139.602 49.5013
63.3254 11.9526
28.996 14.5606
59.6882 20.0723
86.1318 119.722
143.519 3.29191
112.481 35.956
128.928 102.768
91.5449 76.7233
3.92163 24.674
71.3139 9.95052
34.5401 126.575
2.06019 91.0406
15.1198 32.6929
71.5858 114.157
3.93024 97.83
126.666 14.7092
145.554 116.406
101.465 2.52465
26.664 16.0367
124.707 37.1037
113.443 92.0427
60.0806 125.865
70.5319 0.231486
44.8637 73.8564
22.5517 143.612
17.8852 86.4343
7.92228 136.401
44.151 70.2523
40.1095 58.5573
111.895 130.152
36.1747 59.736
38.0278 38.9608
18.6927 51.0389
71.6423 143.216
74.4379 14.1723
76.3926 38.5789
122.107 131.249
58.2002 19.9692
18.4219 124.894
103.088 144.774
120.142 50.4721
132.92 47.5237
105.75 120.138
65.1325 96.7948
85.3114 140.796
113.141 20.4141
120.243 114.413
124.67 63.0723
106.359 53.6071
96.1895 97.9284
123.956 83.2815
16.4829 139.626
149.573 45.3876
1.55698 51.8513
79.8605 113.572
3.17273 68.3534
116.147 148.651
127.533 17.8741
90.6324 32.4598
58.5277 147.637
66.4806 36.9542
51.9102 11.4775
105.361 123.725
5.882 78.3158
60.646 85.9696
3.28224 103.734
18.9802 54.8557
2.12183 54.0662
126.188 25.7514
33.5255 6.84847
142.734 76.2143
1.19991 104.768
68.454 124.238
71.8877 82.642
2.67765 37.3314
136.563 23.9338
41.8548 0.196138
72.347 136.728
7.696 103.997
97.2425 91.3067
113.069 16.5097
115.077 20.5522
28.0691 133.272
94.4746 7.52488
63.1874 50.7861
121.761 18.8647
97.7016 1.70365
82.2183 142.201
141.101 61.4681
109.548 139.32
33.0895 42.0594
143.107 135.004
48.2342 104.435
89.548 88.8797
137.34 83.8599
146.5 60.301
76.52 128.095
64.8026 65.6614
110.307 139.281
9.57706 90.4702
146.079 98.9577
6.98177 139.04
104.195 109.376
143.85 3.46607
109.597 27.7028
78.5175 145.596
110.904 146.938
5.58102 4.49456
26.7336 34.5914
36.4146 26.6038
125.196 87.483
116.164 106.935
104.155 43.802
52.3256 97.4662
122.748 38.3757
100.608 6.06332
98.4199 120.07
1.32814 142.636
73.2288 17.1862
91.2567 31.1631
149.857 139.095
119.102 104.44
3.08106 38.3826
13.4626 30.2907
12.0056 23.7375
149.847 135.41
101.113 28.4265
108.831 129.603
106.81 125.155
145.207 78.5166
13.5172 38.3241
47.5811 21.3322
137.898 29.3203
80.3383 68.7133
24.1772 108.053
13.9335 43.2343
5.87781 35.1998
97.0076 110.165
22.2527 19.4525
116.75 137.805
39.334 39.3918
140.662 0.0396202
58.1611 43.6065
24.1704 58.1939
93.4896 89.8244
124.276 113.238
22.9575 65.8585
1.65763 14.9809
137.368 30.2745
84.6758 119.449
127.493 113.198
30.6697 1.87222
55.7587 86.0175
114.659 82.2595
124.355 18.4319
32.2524 134.315
12.8362 43.9288
123.726 80.6937
16.0326 118.503
119.587 104.192
138.367 49.6065
48.3712 128.142
85.2913 15.3712
87.9581 10.1179
66.6555 138.049
121.177 57.5608
100.807 37.3466
143.53 21.0733
143.808 27.3104
97.9327 58.6903
78.5422 77.4634
5.50431 30.2647
95.5727 146.848
32.3122 82.0934
125.839 48.7181
32.3351 44.7381
95.3864 89.9234
38.1247 26.0239
103.068 97.4949
2.73783 54.5819
3.81696 119.634
90.2371 15.0225
100.107 10.4732
75.6205 8.32272
100.039 116.329
33.2755 6.35164
45.3653 20.2204
119.653 124.672
148.522 87.5527
103.108 56.7931
16.7046 95.6802
25.8795 142.889
29.7823 40.0953
0.932994 132.669
130.556 54.0372
136.883 29.9794
111.985 50.6687
129.677 79.9604
140.558 87.3426
12.6697 123.885
110.165 82.5478
134.534 52.2488
127.881 52.2627
26.6946 85.0973
45.5898 16.0609
66.8053 74.7358
69.239 37.6644
54.3251 72.7144
31.7264 102.138
136.438 52.0613
33.5971 70.4457
46.6256 103.624
132.621 21.5586
75.2109 58.9031
85.2642 64.7265
54.7912 100.071
54.4584 15.7332
128.915 117.385
33.041 85.4831
15.6779 4.0168
43.6042 43.3465
23.6933 148.72
56.2008 144.612
137.854 0.167995
54.1912 61.0718
37.0168 23.4207
89.72 121.81
54.1909 149.015
35.2136 42.9227
54.3122 108.113
114.114 84.8805
26.9904 68.4139
122.366 133.001
32.4978 37.4202
7.47723 122.234
86.7882 42.0122
130.848 0.695742
53.5274 133.168
52.5641 20.5094
71.8623 116.802
134.559 114.558
39.2515 24.0985
16.9716 52.0416
85.6684 110.734
94.7166 123.452
146.295 116.626
149.389 22.8918
16.1534 53.7628
92.6893 124.079
102.337 115.932
58.5805 30.5636
105.236 56.5054
57.4343 118.861
62.6896 47.8446
96.4442 129.04
93.5623 16.8768
2.40064 31.1263
9.57571 15.5209
35.0246 51.0361
7.28046 63.7616
23.608 123.158
146.586 115.99
115.693 25.7577
105.723 80.4085
62.9174 58.9082
78.4529 56.3402
47.5675 50.6135
88.0979 84.2355
54.5766 22.2264
6.76157 51.6431
130.413 63.1689
26.8493 111.77
98.7223 122.573
42.4517 124.901
142.847 43.6115
23.8063 141.974
85.9023 42.4199
91.1752 32.5181
44.0516 55.5638
108.003 28.5812
122.947 101.749
97.7307 140.289
67.7311 33.5462
122.194 22.812
37.1722 136.872
17.0189 26.1432
25.942 10.9298
57.1292 83.2969
84.4817 32.6418
81.4194 63.954
131.632 49.4658
32.4202 57.6375
18.0776 65.8692
10.8065 121.305
140.584 36.0308
59.5641 130.619
6.97578 117.335
47.4613 118.085
68.5577 67.0008
122.072 24.7316
82.9153 88.4419
2.06646 145.096
15.3585 118.901
43.2099 5.86309
110.916 35.0828
84.002 33.9755
111.147 20.2073
140.629 21.3343
27.3905 74.1999
3.51593 6.90189
84.0259 16.6778
65.4219 68.9869
123.315 22.1653
70.7513 75.9075
71.0578 32.8441
116.19 43.2377
76.4217 69.6889
99.2145 10.2352
4.07073 114.169
58.7791 26.4293
54.0896 144.137
40.1113 11.932
43.1155 128.536
52.0182 126.342
122.309 139.191
64.5098 27.1244
93.2979 54.2703
114.641 132.849
88.5052 77.1522
98.479 60.4467
87.2066 31.9726
5.24864 116.931
39.1499 55.747
84.0484 132.68
2.22567 77.8822
149.031 29.9784
83.5553 65.2177
89.5678 18.4033
15.8844 110.686
137.693 82.9887
131.061 85.369
110.235 70.7984
146.45 16.5001
135.707 31.6743
69.8157 7.06548
110.913 97.9137
124.881 127.632
56.982 92.1072
48.1696 103.141
19.6312 87.6897
90.3496 50.9646
149.609 118.883
103.228 34.7791
148.376 69.196
28.676 39.6908
128.661 111.156
31.2478 131.98
71.2223 123.14
72.4601 112.307
147.674 49.0929
66.3466 145.306
140.59 81.6027
28.1603 147.16
91.0503 100.352
8.21846 80.2837
1.58733 130.964
52.8207 17.2357
25.0543 61.9558
31.6322 35.373
103.107 79.6662
2.5161 39.4075
137.277 30.6996
62.804 142.711
112.701 134.831
120.643 110.442
36.722 120.153
69.9344 78.0821
109.891 116.217
113.936 141.145
121.111 25.4418
121.577 32.7297
95.5803 142.975
14.6217 53.7708
42.2832 94.1575
35.2764 4.58651
94.8046 54.3458
78.9934 148.006
24.5663 16.9739
138.392 13.7928
58.9207 111.241
66.0763 97.3579
127.156 99.6779
145.958 110.774
135.837 66.8066
112.148 52.9937
98.5309 89.4625
140.829 84.1363
41.0378 117.663
105.242 21.0939
141.271 6.10774
12.1629 96.1229
5.56418 3.9245
57.401 89.4142
31.4777 55.4482
41.0198 118.741
28.7329 74.5014
97.0133 143.274
70.744 33.6569
120.5 12.3235
55.8359 114.703
56.4258 124.962
13.6972 14.1688
55.6993 46.793
29.6543 68.6244
81.8552 95.2626
28.9514 34.9786
116.441 32.1949
118.5 22.2019
31.7136 10.1894
107.398 136.171
49.7546 49.567
29.0478 54.3343
146.763 62.0153
138.29 100.569
9.74582 41.0186
75.9936 20.7182
141.55 118.973
124.495 99.1194
40.5893 148.42
40.5899 33.9062
76.3082 79.1391
50.6046 64.7943
92.5806 88.6141
140.955 117.643
42.2101 93.9446
133.438 1.7023
36.2654 98.1264
142.664 90.7635
100.012 84.1164
106.767 105.974
76.8293 92.957
90.9547 58.6693
41.3559 38.3225
127.08 67.4852
56.6004 97.8455
12.4184 7.45637
6.55198 115.92
61.021 128.794
121.427 43.2258
16.2531 118.476
123.151 66.2084
128.514 59.1381
83.4945 140.488
79.6619 114.582
109.509 75.9649
62.3468 142.447
102.223 65.9697
68.5547 39.5163
133.89 144.173
17.4735 42.1794
130.824 40.3099
48.1991 7.65774
40.5979 31.3321
89.9696 26.1903
44.5414 74.141
64.3824 46.585
36.5863 141.871
6.22449 35.6898
52.2524 32.7268
79.2986 142.62
16.7009 115.3
121.379 24.951
102.488 135.446
44.7411 122.807
124.98 2.11868
117.805 43.6377
66.0409 16.062
104.582 60.5193
143.419 92.2536
93.481 49.0645
87.531 45.217
71.0298 95.1392
123.591 141.997
148.379 10.5782
24.7954 48.1451
42.551 137.729
30.3459 16.3802
58.2056 24.5963
136.166 97.1224
7.55658 34.0397
138.535 140.706
149.651 108.073
115.409 128.292
96.0254 25.6593
146.293 149.016
11.5918 12.3329
127.877 1.87156
43.7062 64.4339
73.1136 62.5667
121.679 86.2603
128.651 9.09492
111.28 101.383
137.604 135.936
4.83815 134.431
102.476 116.8
19.9351 116.229
111.675 135.322
111.496 46.7476
98.6478 49.0688
59.2936 29.0958
7.24969 40.7491
91.6434 24.0953
5.45806 15.8785
122.942 40.653
144.331 125.655
58.8112 124.927
23.3038 28.5272
99.5226 18.5148
107.928 86.1006
23.6988 64.6907
114.161 10.0942
4.70736 42.2347
129.351 98.4009
28.1091 73.5258
112.527 104.6
115.233 28.229
126.567 143.828
31.2895 98.2338
53.8423 108.998
17.2429 34.8333
103.146 141.676
134.472 119.521
33.4104 106.846
76.9045 149.908
111.67 118.89
41.3003 117.744
15.1764 111.336
9.0294 148.703
25.6337 41.5208
108.851 0.0628212
100.787 14.5163
127.554 49.925
119.727 11.5072
106.883 118.192
84.9983 42.8991
42.3773 19.3988
7.23636 144.744
82.5409 20.0059
44.0714 63.9636
125.036 132.703
144.012 88.8335
12.2076 52.2742
91.6182 30.3986
38.8026 147.565
57.7464 56.6215
144.504 106.876
5.63313 39.8367
117.745 25.7404
19.4204 91.9586
107.897 67.6342
56.2442 126.811
147.059 18.9521
119.052 100.1
27.5421 135.896
83.1886 18.4403
77.9001 98.3242
4.8898 99.745
87.3189 132.6
52.0092 19.2324
47.7974 71.093
93.0207 136.019
75.2212 1.43873
103.403 24.9107
69.6541 39.3147
92.8157 91.122
92.7141 67.1452
97.0231 63.9138
0.276722 52.8711
77.3474 10.5474
66.382 24.8542
96.4882 26.2136
50.9332 102.589
123.028 29.9282
85.334 123.235
82.7817 18.7934
59.8216 113.467
119.332 61.8962
93.0712 45.0872
79.28 24.4406
108.457 148.277
7.3209 111.105
13.1905 136.419
116.807 101.942
111.147 134.878
93.8652 39.6707
144.249 139.623
109.066 16.593
113.689 38.9561
36.0899 133.136
18.5395 123.635
28.7984 55.938
102.744 105.805
17.3208 129.473
121.664 30.8987
129.203 112.935
32.3367 131.712
37.7531 140.192
34.6365 93.4602
112.169 18.4514
138.171 26.3698
138.997 75.427
67.7063 9.98878
79.9608 69.469
58.3502 124.867
19.0779 33.4155
42.3334 111.758
85.3055 138.652
14.6492 12.4027
110.75 50.4512
110.686 128.169
52.009 99.4733
52.3985 77.5497
74.6555 123.183
48.4755 33.2799
47.2594 34.732
45.2393 128.876
145.811 149.942
11.9897 112.914
21.9624 0.587271
83.2357 5.1745
62.1833 25.304
32.0623 86.6559
53.3672 106.726
105.121 140.84
54.9938 17.841
76.3246 81.6328
86.4039 123.879
140.937 136.285
99.0113 31.1173
99.7405 31.0748
135.059 57.8244
74.2475 10.0706
111.109 74.7247
128.326 117.622
133.539 39.9404
129.395 134.554
102.066 66.5472
21.5417 53.6711
84.7588 65.8923
43.1094 43.4854
148.082 97.4133
136.713 76.8463
40.2838 16.7473
15.7691 105.818
118.079 132.691
68.5939 75.8236
108.734 139.781
54.6414 68.1547
95.1331 142.231
3.05435 102.349
55.8164 3.71356
26.1843 142.346
100.055 117.304
83.5721 13.8885
39.6886 41.606
45.6863 33.3602
83.7677 33.2012
75.8095 48.3585
12.6157 13.7632
88.9332 35.6495
113.748 82.2962
48.2955 143.822
109.718 80.1675
52.7631 15.385
52.4226 5.62058
74.5108 2.86417
84.5663 87.7957
56.4299 85.5983
47.5481 110.618
77.1019 3.16438
74.1897 134.761
88.7283 132.168
113.917 136.231
26.9242 38.9925
93.7835 11.0426
100.151 61.967
98.1123 133.24
26.8915 24.3508
97.2026 9.47794
146.85 144.323
107.833 27.6045
57.5 97.388
111.054 144.12
25.0996 59.7615
124.385 55.8847
15.0006 59.4669
35.4423 110.083
44.076 123.41
26.9881 142.848
70.5965 117.149
40.3763 27.8128
22.9785 127.068
35.8746 68.2127
108.322 43.61
68.0256 111.611
16.9123 149.381
127.979 103.832
16.5283 59.0303
83.3764 85.0152
8.38057 132.688
15.7189 91.2953
130.004 81.2555
138.749 1.51198
74.4955 97.5569
79.836 27.0256
90.4668 8.61744
82.8321 35.5108
87.3011 145.816
25.4989 58.1575
36.0457 67.3462
126.221 55.2994
141.988 35.665
65.9718 52.9112
32.2432 30.8949
57.2852 67.6521
136.634 117.898
92.5744 104.044
123.983 136.919
144.078 122.431
88.9719 119.06
101.833 91.2654
105.684 54.9305
98.013 128.752
2.13828 139.628
23.5047 20.0836
92.5968 34.5551
113.236 39.8482
48.1831 96.4748
94.0381 74.9486
56.5262 55.7158
29.4904 18.7767
26.7576 39.3739
26.0165 20.5017
133.245 138.485
102.126 118.862
6.68798 19.9397
86.6804 144.349
143.503 112.277
22.2252 139.723
6.61225 122.292
54.1218 73.0207
137.248 15.2215
43.6299 129.891
148.968 2.66201
33.8121 121.77
92.8378 110.939
9.38678 133.433
129.224 133.633
31.1452 103.978
8.45654 127.921
125.268 13.0835
12.8272 33.403
50.7524 7.84531
140.28 18.4078
142.754 118.229
100.81 54.5406
136.047 141.717
109.939 126.873
12.7897 56.0685
87.5943 128.418
59.5441 5.62727
67.7091 130.55
60.5284 73.382
60.192 68.3117
134.447 136.901
122.845 128.577
26.2355 91.6903
25.6514 145.705
54.1187 27.1863
82.893 14.8628
25.8168 120.715
92.6365 66.4857
70.0189 78.7332
120.788 9.31397
135.837 102.188
10.2813 24.5593
29.8374 120.047
97.4327 11.8267
128.271 123.004
98.7501 12.2949
26.927 26.1746
61.2665 106.647
124.689 142.738
52.9367 33.8804
85.9472 115.061
21.4916 133.691
144.787 51.8099
38.448 12.6988
48.2532 139.343
74.6164 29.8727
25.1895 72.5321
100.368 100.705
38.3315 126.837
132.244 107.29
116.658 131.191
96.0555 126.782
86.6237 41.8496
3.42219 62.0976
25.6406 147.392
145.71 25.2191
101.848 125.028
39.214 147.592
110.516 36.4633
141.157 6.78182
60.1041 136.107
93.1186 20.361
16.9787 139.156
60.5415 58.2564
120.883 105.693
120.556 43.5555
100.966 61.1085
51.0122 65.7018
130.786 95.8826
89.1768 122.375
92.1609 72.0004
126.563 149.36
110.602 6.93984
6.55117 136.318
138.018 125.033
21.0094 131.171
92.064 133.832
37.5392 42.0438
55.0013 10.0436
42.1104 56.6668
144.886 60.2519
125.584 53.9624
105.46 102.109
120.143 118.546
12.3396 90.3896
74.417 129.847
58.8575 74.1514
14.3498 33.2754
149.9 111.379
144.587 86.7738
99.3261 82.2091
92.9933 30.0291
48.9493 83.1277
63.5765 111.01
129.946 94.6
57.7284 87.7767
89.0521 73.6751
50.8145 60.0073
9.02794 118.229
105.965 147.961
118.47 144.207
132.733 132.38
75.9806 109.838
65.5015 43.713
109.321 17.0161
47.432 126.066
123.66 116.231
76.0263 95.127
43.1134 137.952
128.112 75.8795
65.0605 5.49786
19.4615 41.0818
71.9127 140.48
10.3906 106.588
110.61 47.4553
48.905 59.0829
19.6195 67.1186
81.0005 17.2986
70.5248 15.1632
143.445 18.5187
85.391 141.539
117.069 41.7155
120.295 42.1151
25.2172 11.5667
2.58802 36.1808
61.2439 40.4853
48.2335 81.2496
132.294 142.012
126.708 31.8902
17.5534 148.14
1.40142 135.689
36.1296 113.936
58.3356 65.253
6.21458 135.802
103.664 59.6532
143.7 89.7448
129.955 25.1347
36.5231 130.279
148.518 112.645
136.716 122.301
38.9401 25.5801
98.9825 116.318
148.708 66.3102
76.013 122.991
74.279 145.532
71.1524 120.922
51.3827 113.954
37.9903 117.783
111.507 44.3302
11.6153 118.45
59.7361 122.391
19.9266 129.76
21.033 120.426
117.531 21.0611
54.0227 139.199
120.928 12.9181
111.601 81.5426
44.2518 145.18
98.2794 34.3949
65.8246 111.399
96.3143 3.41929
63.939 33.728
131.628 87.6071
127.972 24.5568
56.8003 70.7036
37.1193 120.753
55.452 91.0606
33.4933 8.68563
105.016 67.6239
141.353 74.9486
39.0061 69.114
116.726 89.7375
56.6265 25.2333
132.458 1.19414
63.2802 35.6918
97.5928 43.237
51.8646 128.768
70.6918 48.6953
61.5914 48.4478
58.0343 39.8583
72.032 10.7078
149.549 4.33586
17.7235 93.227
55.7283 119.492
100.47 75.5096
48.4596 102.056
24.5052 70.4122
68.6741 42.4617
141.694 135.556
108.537 93.7031
140.397 149.66
74.2123 8.53204
20.2081 23.0522
76.4436 130.64
73.4429 109.549
109.361 27.4843
0.693567 24.3632
40.9924 46.6841
132.435 0.738638
1.38371 118.838
134.054 117.952
105.978 117.042
125.884 76.4763
22.8742 135.555
10.4712 16.2908
117.791 105.358
81.4301 146.243
33.4458 30.3799
110.679 149.175
139.254 96.1354
97.0797 125.272
30.2547 146.955
105.212 101.317
53.4768 23.179
139.992 1.69377
101.362 139.485
78.4723 71.3413
81.5491 33.3947
79.6108 44.2856
12.1142 13.2134
68.8933 79.2554
46.2538 83.194
90.9093 7.71824
31.0812 12.8881
41.3288 1.59673
113.421 121.03
142.902 111.524
98.9084 141.673
46.3506 19.8592
102.995 136.549
101.452 145.568
124.192 121.836
21.3035 101.682
12.9036 72.2244
45.988 69.9223
73.8004 71.8766
90.8768 23.5131
87.2047 17.1079
91.0257 80.9546
31.5607 117.362
58.6311 7.11154
37.0836 92.7575
6.1909 19.0034
136.907 17.6286
89.5408 0.775599
15.7473 20.9626
58.9484 115.287
66.1154 80.6186
93.6348 127.053
16.9092 65.817
85.3735 68.5368
56.3296 1.68175
34.3344 11.7763
103.654 10.482
45.2389 137.32
78.3764 142.224
33.218 120.398
12.6128 108.591
51.9854 32.7107
82.3053 1.98223
96.1293 49.1252
80.9313 124.518
113.439 10.9782
121.826 133.123
135.802 79.8615
102.396 22.3778
92.0934 69.1607
107.869 108.569
41.5892 107.392
142.056 24.1867
29.5361 59.3333
9.97188 15.0827
25.7751 25.6869
8.47606 109.652
148.967 1.75753
10.9385 107.386
135.253 124.046
96.7993 65.8233
68.7624 118.465
12.8326 13.376
24.4942 116.181
128.813 12.2166
73.3456 0.0198604
80.3342 103.863
58.2491 116.341
80.2384 93.0025
4.88788 116.165
41.6331 105.952
49.9553 68.6126
80.1122 148.202
28.2686 17.4885
137.976 26.2336
56.0879 131.421
120.04 42.329
29.516 14.5168
95.9757 92.0941
92.9576 65.8856
66.1513 116.543
11.4083 58.9386
85.3346 45.7292
139.385 139.578
104.594 58.0544
111.823 39.5429
10.041 47.505
53.7276 119.557
58.5121 21.7087
27.4634 66.2486
29.6928 45.8379
57.5101 50.3401
130.273 75.0048
135.867 112.338
88.6552 48.9715
116.633 105.032
148.584 119.946
21.5294 93.4223
85.4134 83.2851
38.0887 49.5297
106.686 63.2264
132.658 25.9376
124.535 123.168
134.492 93.5901
66.073 59.2523
21.2914 26.839
130.481 43.9165
61.6349 90.6163
19.6684 1.51784
134.885 59.374
146.672 118.572
78.7067 3.75213
56.0093 51.88
144.373 4.73675
89.4022 114.466
21.99 25.0621
111.592 30.6802
64.8121 65.0662
15.9017 129.343
83.7937 140.038
105.168 95.1561
19.7352 6.65654
99.0419 81.1956
48.6958 95.0734
91.1776 34.6882
9.86126 27.7749
102.281 68.077
99.0173 79.4709
97.704 84.2956
82.7439 40.0975
10.9146 75.7158
84.9686 113.201
144.666 129.127
35.8646 24.7662
79.0847 49.2015
89.2415 85.8001
9.11939 9.59629
91.1805 105.357
125.783 55.2755
89.0641 141.881
119.711 116.037
107.022 46.1402
149.725 53.9778
49.4879 19.2103
87.7833 36.3716
79.7368 99.8619
110.338 82.0608
145.322 99.3598
149.338 116.52
32.8874 101.187
128.701 97.7204
59.2739 122.237
72.7045 60.3736
63.2382 9.26756
107.653 42.9306
58.5329 23.213
126.803 62.2769
128.932 139.653
44.717 137.962
26.7483 81.654
47.1343 103.21
147.229 126.943
34.2826 123.445
11.0626 122.742
107.073 30.7776
56.738 131.606
102.016 113.228
64.4626 117.589
133.447 77.0679
2.99742 21.8046
105.109 125.22
32.0496 108.442
147.939 89.2729
75.3093 11.3463
39.3669 78.5278
113.886 7.78617
126.329 18.4385
78.4207 65.7634
50.8538 95.0954
98.7187 88.3659
17.5741 66.5174
88.0237 66.7383
23.0849 13.6102
36.0312 132.687
136.595 133.128
149.267 7.6621
70.6921 1.03535
72.9221 78.6319
45.4529 138.536
22.9264 141.704
144.875 43.6489
102.192 49.3612
54.6045 14.5427
107.579 27.7055
101.516 24.3375
47.2242 126.67
17.0099 128.966
29.8816 136.853
145.229 144.823
6.93796 128.883
121.761 106.204
114.786 99.1787
61.1307 148.555
148.374 127.967
41.3284 48.3318
128.468 21.2099
112.792 67.3851
64.7804 137.591
104.722 136.201
29.8592 136.992
40.6977 87.1165
56.313 28.9888
98.0229 92.4634
107.098 116.989
109.862 121.774
100.103 107.589
2.88759 7.00092
84.8143 5.5509
135.7 119.313
107.48 101.708
138.009 10.8033
81.8728 1.19206
101.498 92.8798
14.1983 57.5272
74.3321 50.5498
99.5608 17.4583
62.6484 31.007
67.5899 147.802
80.0943 27.7363
113.376 20.5431
117.722 135.255
82.3946 128.097
39.42 146.097
49.0984 68.823
133.284 92.4926
143.228 115.29
115.964 33.7986
85.4117 104.094
93.0821 87.3944
84.9243 102.403
71.3673 109.222
105.169 148.607
101.523 7.28827
66.6475 24.5129
73.9288 114.98
71.6074 49.8556
7.6913 100.696
79.1072 3.9471
101.964 31.9709
54.0832 30.2211
80.038 144.275
76.3525 78.3588
48.6306 133.394
33.679 7.24474
49.0638 77.944
33.9062 90.1259
134.987 42.9462
38.1508 47.2555
111.46 143.963
18.6665 50.9773
45.1597 53.7149
121.113 17.064
90.4364 11.0419
58.6499 4.06686
12.7765 51.9281
24.7655 21.9786
138.755 3.13119
117.817 9.61556
61.2703 60.5315
99.6114 52.1797
6.52847 115.976
77.1038 12.8369
69.602 54.2019
93.4197 80.6848
72.2641 9.84164
123.869 57.4741
111.787 43.2136
45.8275 60.1962
68.8381 23.9099
35.6783 137.545
62.8215 21.4304
126.505 105.654
21.8237 51.8194
106.545 79.432
55.0642 73.1022
132.584 20.9927
128.097 71.2854
103.334 58.3089
41.046 96.5408
54.0303 100.052
125.778 128.101
81.7198 93.5833
20.3274 120.552
142.932 145.337
6.01937 66.9264
113.047 33.715
147.151 33.0587
139.229 8.55574
80.7408 47.3327
36.1873 148.991
15.1113 42.1472
84.0615 119.139
135.668 15.501
12.1186 9.23419
6.59196 45.7497
145.231 137.819
119.444 0.517116
84.3438 19.908
26.7353 130.877
73.8254 64.606
2.0521 71.8465
90.2995 142.568
108.506 77.6639
108.18 88.4129
87.7653 125.262
78.1196 102.873
102.935 112.067
28.6302 67.3122
143.775 93.5508
24.9391 3.81954
28.6524 18.4696
25.7909 144.605
86.7963 65.8528
113.957 17.719
15.9348 144.479
85.4056 34.0786
74.1536 71.2234
54.5255 141.5
117.569 5.99191
62.6667 94.539
14.0261 76.9901
84.9749 117.068
5.3236 80.6266
73.3256 59.8407
23.4182 12.3223
82.1743 29.9893
149.454 35.3776
69.371 71.4988
75.9735 142.727
70.3024 3.66607
120.213 103.165
9.79053 117.498
121.456 2.86029
137.595 132.745
50.9053 93.9987
51.9051 36.6902
109.325 94.0988
75.3314 49.3187
14.4876 19.1112
21.2456 63.1748
62.9563 97.4288
11.0477 95.344
50.1937 46.6943
87.9399 20.5957
20.9517 61.713
108.769 88.7252
100.613 71.9675
145.858 78.9054
1.97013 129.982
103.42 11.3684
63.5629 142.386
61.6462 57.5706
75.1258 100.461
21.7979 34.8346
116.575 71.4142
26.6151 87.0133
29.4096 104.493
17.3288 83.3971
109.29 90.2441
58.1569 72.8569
0.47298 135.979
21.1204 136.887
136.894 5.72486
35.3618 110.353
44.6283 7.15845
117.562 34.4304
124.987 129.578
50.8304 121.154
133.533 112.359
63.5189 130.369
63.4096 64.0099
114.601 137.591
61.1899 58.5219
149.676 54.7868
75.461 37.1101
9.65431 127.763
72.0615 95.0948
119.518 124.306
97.7119 85.3029
120.452 131.241
31.0886 2.96693
99.3962 96.3985
82.6101 26.9384
93.0473 71.8339
78.9797 22.1539
9.61738 5.26476
143.864 95.2983
133.383 43.2432
149.793 56.9561
103.343 85.3346
31.288 84.9238
126.937 62.9503
119.96 34.3943
84.6732 66.6942
107.991 104.206
138.738 122.921
36.0345 48.6647
77.8561 55.742
48.1169 10.5222
92.4406 95.8091
33.3974 106.688
126.583 100.029
46.0124 23.299
91.2211 22.8154
112.189 35.9966
78.5224 5.91645
29.0873 35.3725
61.1128 125.627
121.141 31.2544
123.789 149.26
67.8389 51.2265
120.67 144.016
40.2918 40.6564
110.733 26.198
129.695 48.8616
26.4751 101.923
24.8427 22.746
81.133 89.3974
67.6386 86.0463
62.8711 103.67
7.41902 50.0731
88.6418 90.6565
109.649 56.1533
27.1569 57.2318
126.552 42.3055
49.5174 92.6779
119.575 3.67479
48.0681 135.853
6.9739 133.239
89.8415 24.3243
138.345 40.9706
55.019 12.9423
111.881 128.016
33.1892 121.117
119.044 111.408
26.1927 23.8119
115.978 23.8317
0.617384 128.053
93.9989 79.212
8.69739 31.7527
46.1299 134.323
44.2581 64.1856
89.2824 33.4016
16.6634 45.8618
42.0288 74.8632
112.59 101.373
39.3834 129.061
149.866 48.9854
106.542 20.4914
140.395 31.9026
76.0985 116.799
1.57123 12.0812
128.968 139.631
149.121 115.566
140.073 78.9553
39.6783 28.1223
127.571 12.7485
39.8583 130.88
12.6088 88.8665
54.9159 99.5031
32.5532 8.69579
73.5692 149.416
63.7059 65.4239
85.0499 121.969
35.2245 47.7233
100.981 140.399
110.817 121.984
16.4097 96.3617
127.225 43.5431
10.996 35.0764
62.6708 33.6208
109.3 149.115
95.6863 69.0133
16.9008 134.872
144.377 32.7736
43.6725 121.551
78.3798 111.328
48.8211 46.8477
16.51 109.627
85.3305 107.54
37.8103 6.03131
0.787913 24.5489
82.0287 130.577
17.5223 29.3101
126.34 122.811
89.4787 7.08145
27.6298 23.515
118.336 148.128
111.368 113.531
28.2345 87.9252
84.0808 116.141
27.7529 112.985
41.8502 75.8291
84.6818 9.68103
120.56 68.4551
95.2356 85.919
80.3281 40.6414
115.165 127.168
39.5975 143.731
109.748 57.871
56.3793 72.8564
62.3875 62.6306
102.929 69.435
1.68955 44.5582
77.9594 129.279
27.4272 108.965
14.4512 141.686
129.198 142.123
30.4216 85.1863
71.1141 26.2601
108.237 21.5544
10.6486 98.4897
49.8647 20.7989
132.296 143.768
11.2046 118.731
47.152 18.0198
59.1635 45.0454
117.69 76.7815
83.3471 110.896
23.1556 29.1171
40.4589 44.7812
109.475 133.976
86.2459 51.683
58.065 49.3849
51.9071 61.2669
23.3238 143.449
45.875 115.662
98.8877 56.9539
17.0842 70.338
127.034 56.6507
87.8294 3.23358
29.0284 141.045
115.335 138.762
7.46744 133.219
105.264 73.2354
50.2241 57.637
96.4848 111.876
94.3314 71.7841
97.5537 29.6132
136.995 95.5511
147.551 20.928
129.586 76.6352
19.131 38.0665
100.239 142.642
125.813 109.897
18.1246 93.4144
34.4483 112.634
29.1794 52.9994
124.547 6.21208
53.8041 115.838
12.4171 75.6891
70.2695 86.4131
129.468 57.0049
18.6587 1.40918
9.52335 146.178
126.17 143.788
65.1883 105.621
47.6655 86.0866
74.1096 50.5992
107.051 85.1513
83.2144 104.453
133.651 71.6999
53.617 39.6368
38.1146 73.5101
12.9995 137.981
46.5222 125.538
147.565 67.6165
101.238 20.0019
74.1003 83.33
32.9999 35.045
131.937 87.0491
79.4971 127.6
130.64 10.9531
110.079 56.8633
148.983 18.9158
133.459 106.041
94.1715 131.571
53.08 5.06919
58.624 110.443
137.094 144.743
126.959 126.143
11.0925 84.4261
44.8532 11.8482
42.9684 111.364
100.089 65.1033
23.5423 86.251
96.4711 52.1594
59.2489 144.614
54.3851 80.8121
142.606 71.3206
104.589 137.303
63.8374 17.1356
137.913 33.7285
96.207 20.0719
18.7447 56.1639
76.3164 134.98
125.952 31.867
14.684 33.4333
35.3593 105.245
101.34 103.41
121.279 1.59139
120.67 86.4858
32.6359 134.698
88.5529 105.204
120.322 59.8244
40.9752 65.6651
42.3976 12.2282
51.3166 118.034
27.1608 13.0118
80.385 69.293
9.61409 101.315
137.614 112.244
42.3764 42.4529
2.63281 105.786
110.922 129.294
118.364 73.3199
140.19 84.916
14.7637 13.6423
118.572 88.1407
32.1106 43.4511
110.812 13.186
4.10482 144.008
127.952 30.9942
92.2647 110.477
28.7527 1.07818
147.842 107.249
91.6825 149.544
55.5024 113.096
95.8681 34.9494
83.0262 3.29861
84.0541 33.765
59.2271 88.9921
12.7841 144.485
52.1788 70.8267
49.5625 8.68465
92.3842 115.311
112.15 98.1137
81.883 123.612
81.241 19.662
13.8462 89.467
123.771 126.001
14.9765 146.664
63.6625 105.796
36.635 134.041
73.4481 51.8205
138.009 0.187616
88.0322 40.4281
93.7026 76.6001
76.105 42.0094
72.8868 113.308
32.36 147.069
94.6814 86.3121
132.73 17.2305
42.1297 3.7559
140.165 20.2884
48.6423 133.609
91.6869 130.515
1.66791 14.3403
45.2616 17.1772
72.0639 132.733
65.1042 102.018
92.2011 40.8448
55.1329 67.639
21.389 138.903
121.398 136.118
17.2078 44.9323
22.6506 52.1626
136.069 10.0557
15.7693 134.502
146.284 104.053
65.298 119.368
72.037 99.9578
105.275 88.1985
140.444 31.9332
38.5229 0.280471
102.009 103.78
80.9069 62.8547
106.399 88.9166
48.5451 96.825
4.17695 142.189
149.414 100.035
48.4725 62.0879
143.823 101.29
45.1466 60.5977
69.9464 108.431
110.122 31.4788
46.197 33.2143
0.795081 116.282
89.7391 72.0665
7.32632 18.9853
99.7737 77.5112
124.942 99.7477
118.774 2.89229
111.747 90.4365
5.67379 64.2926
26.5023 71.5625
141.448 6.55034
46.857 47.9496
64.5358 146.762
117.221 115.561
136.049 142.718
74.7268 149.866
113.866 97.9823
94.4096 1.82263
56.6714 121.313
145.02 29.5871
65.4988 68.1997
45.3596 137.699
68.0632 43.1192
88.2521 134.461
111.266 142.494
67.4851 44.3899
17.9345 52.065
13.06 91.901
41.6073 24.4836
36.8406 21.1121
112.491 4.73528
62.9407 8.82099
98.6465 23.0222
96.4648 144.045
117.98 34.0532
34.6505 77.6089
118.956 68.2866
80.6535 18.9772
52.2137 52.7009
74.4677 110.138
13.3996 47.2713
25.3245 109.016
17.2906 36.1868
58.3306 5.32171
33.3689 147.881
4.21454 118.612
84.1869 10.2724
15.9525 48.657
96.3434 94.3212
136.039 40.6915
96.498 18.7233
86.1138 59.169
46.7304 69.4943
136.126 147.385
127.58 3.38167
52.2891 11.2671
58.5882 117.399
76.8698 53.0867
2.66763 44.8719
90.2507 65.2569
129.357 68.4838
105.63 101.172
56.2668 116.266
81.4029 87.4919
42.2164 106.389
149.09 26.8953
44.1051 70.1108
119.298 69.9969
15.9931 88.2287
17.4553 104.079
41.3234 45.4245
136.99 35.3314
17.0791 124.571
133.475 100.183
33.0918 29.4682
46.9659 136.283
134.652 127.092
75.0988 68.3784
74.5449 127.692
111.638 136.275
40.9462 112.241
41.4668 75.9904
7.72797 48.7197
51.6771 35.7918
109.995 88.0353
146.429 107.099
143.451 126.092
50.1312 120.583
21.8959 120.478
108.978 137.793
84.4687 126.922
6.06596 42.1108
8.09908 27.8664
113.15 101.572
29.4604 76.3201
95.1382 77.1256
72.8378 72.6567
48.2877 105.367
127.157 56.4986
56.4832 132.323
43.9678 136.406
133.273 64.9457
77.3802 96.3288
145.583 34.8598
147.014 86.6739
81.8601 76.5761
17.3206 80.2676
6.61503 66.2385
148.756 61.1579
147.308 121.244
121.216 121.096
125.063 21.2398
39.5106 104.663
54.7639 49.4957
43.7433 37.2623
24.3016 85.2757
19.2265 26.9459
117.491 141.561
83.0927 95.7117
84.7792 112.508
35.7996 15.6287
102.524 37.2893
97.4653 98.2869
11.593 77.396
55.2858 104.896
9.65311 9.19184
58.8147 96.3288
147.893 70.5607
76.9562 3.33866
112.759 37.7702
98.4889 129.249
89.3451 64.4077
30.6726 105.892
26.3879 116.883
139.895 134.761
19.7412 11.8516
31.6888 84.7989
102.62 111.427
27.1631 135.555
97.7531 16.1574
2.37106 104.869
146.513 63.3403
149.531 131.529
61.2466 22.0237
13.7779 121.022
113.072 67.715
60.2 96.0331
139.313 52.4388
111.489 97.0596
102.612 13.0491
29.0254 123.229
7.30041 48.2963
85.6646 137.789
126.337 10.2911
9.15449 94.0739
51.9902 93.241
93.557 120.552
68.0828 91.4496
6.89125 105.152
75.5916 134.039
101.967 145.189
77.8255 7.39907
56.0855 43.3231
42.4762 13.4336
37.9944 117.605
70.7403 4.13118
69.5484 119.837
21.7916 75.4836
16.4851 70.9029
8.25158 112.346
69.2822 42.5635
0.758841 109.837
72.1564 27.4637
136.034 125.58
95.6822 72.1336
124.493 103.967
135.116 79.2722
13.196 11.5888
139.23 111.709
33.1989 112.377
115.88 23.1233
33.6581 130.102
26.6055 13.6566
2.21975 84.5025
19.4553 37.3357
13.7271 96.0117
20.7734 10.2256
