1250 1250
86.9699 74.4088
72.5719 73.2937
113.076 89.2949
32.9926 96.8813
127.535 39.9218
57.2485 48.6929
35.9996 132.867
57.0462 81.5057
55.0723 19.1866
65.2537 115.675
65.3923 69.7758
100.652 108.686
86.1742 76.4069
59.0473 36.6014
101.246 62.4048
79.9712 87.5347
73.4097 110.677
148.224 68.2966
69.2398 64.512
105.297 26.0321
83.8575 84.4359
92.606 59.0527
48.9189 89.7951
36.3233 76.2046
75.4282 66.3527
77.4157 85.5183
62.9387 66.7011
116.479 27.287
36.5521 65.0556
104.821 101.629
95.9805 6.88742
55.2755 68.1627
97.6053 75.3891
76.6755 79.9646
71.9637 76.8335
18.8757 111.456
54.7352 20.6798
80.6302 75.1996
65.4845 56.7388
42.2035 134.289
80.595 58.9502
74.4375 29.9319
103.167 116.184
29.8104 79.0871
73.5329 71.6282
70.8523 21.7307
53.4435 111.418
114.972 11.8042
41.5122 20.6461
94.9489 19.5737
84.6424 46.1917
113.56 101.784
18.6045 48.4272
31.9109 87.9066
35.8405 114.429
68.5699 70.9064
133.003 118.894
62.3555 58.6103
45.2834 59.8746
64.5455 24.556
86.3865 3.8792
111.305 63.7336
78.6086 68.1458
69.3763 111.102
49.6226 114.312
128.305 100.178
110.144 88.0503
60.1724 48.5495
30.4194 78.5837
66.1518 53.8192
72.4688 73.9892
125.972 114.58
50.1678 88.734
5.96119 97.1274
46.6988 83.3963
97.6996 34.088
94.1181 75.4515
47.0557 55.7426
126.803 127.164
94.408 90.4939
57.4488 107.414
66.7812 63.8959
67.5947 51.302
89.7764 73.4489
71.4382 81.1168
125.077 125.676
75.3585 38.3877
34.5884 89.761
74.5932 74.438
129.8 72.5593
116.361 59.5625
55.1622 110.491
62.1497 142.098
72.0049 26.5497
69.2485 62.7257
111.592 123.851
83.1566 120.746
73.088 69.5404
23.5255 74.1765
19.9202 56.1916
90.2554 43.9468
60.5265 80.3123
41.5568 47.7451
103.51 56.4091
72.7345 44.7333
66.5626 144.888
73.8991 92.0536
98.586 16.3807
140.506 56.2587
43.1028 115.323
119.331 52.1142
75.6987 75.1529
55.0072 8.58003
31.3198 84.4815
108.437 49.9618
3.45076 96.7438
127.557 48.9464
126.636 45.7587
28.2952 58.5804
74.9679 64.3371
16.4489 83.7712
51.1971 78.4725
92.2623 62.8082
50.7793 113.073
81.5577 45.74
9.12853 93.5122
100.412 47.0429
67.0173 103.243
59.9122 76.9437
39.8216 73.5673
78.1365 74.9344
59.3739 29.8527
51.8458 36.2195
60.4345 106.9
113.074 107.323
119.696 117.921
30.6257 46.4347
73.4175 78.5703
71.2382 83.3701
67.1691 101.119
120.62 73.8603
74.0161 7.61318
102.487 55.5137
84.8046 112.224
114.298 21.459
74.8579 73.1224
106.171 95.8068
112.857 19.0469
121.104 62.0453
58.3708 82.5594
50.738 28.8387
44.7387 106.438
95.6811 81.7073
32.8259 54.319
86.3045 53.8385
30.3243 38.6561
146.208 65.7282
82.099 91.2625
16.2172 57.4144
57.5194 37.7282
74.0356 49.5277
136.493 63.2769
110.076 63.076
147.216 68.5912
88.0477 103.252
84.1649 22.1607
41.4569 72.947
17.1615 74.771
38.6145 47.2814
23.104 100.6
16.0617 79.2074
75.0389 75.0204
99.3936 117.352
70.5592 78.785
80.684 57.7575
74.75 80.5009
72.86 55.7457
28.8334 76.3238
119.043 17.5771
65.7695 29.9775
41.7786 98.5783
117.714 136.151
40.2407 59.0885
90.7487 48.3449
72.9432 65.3281
25.3026 30.9983
30.1525 76.6281
66.2379 119.028
68.0873 106.576
136.363 67.1519
100.117 81.7715
44.7764 97.8395
125.273 84.0731
105.163 31.0663
97.4176 101.962
99.6381 87.9633
109.608 70.4107
79.8169 99.8462
68.6832 72.8902
105.276 66.4428
106.029 114.819
75.4435 85.6914
106.483 71.3828
118.257 117.833
75.9613 47.6915
74.5423 74.8294
45.044 85.4628
82.6504 144.469
62.9785 1.56402
30.3625 27.8274
79.691 83.5648
73.0811 75.3036
19.6491 103.19
73.6815 100.351
37.9661 108.931
52.5738 26.6844
106.185 110.033
83.3264 80.955
62.7117 113.068
78.6067 122.309
80.1572 58.2531
87.4224 16.8034
65.2584 58.7268
4.11484 94.2709
79.5484 84.6309
77.6386 81.5991
76.7458 72.716
56.4341 35.5075
81.209 62.0208
64.032 84.2306
22.4888 92.8469
92.9929 49.018
78.6497 84.9809
16.8609 111.899
58.513 52.4772
73.3789 45.2184
59.9957 86.7966
123.705 101.542
107.95 55.2864
136.372 85.0713
56.8581 51.2142
94.4174 34.0382
75.5274 78.5035
86.5479 106.974
24.7764 105.502
108.732 48.304
58.8797 14.1763
112.959 120.437
60.9433 92.3923
53.0422 121.662
41.8771 139.788
79.4861 116.987
101.898 97.7708
75.7167 78.9067
78.9012 69.82
99.4116 33.3348
75.2001 92.2172
44.2406 87.7674
74.9822 51.2065
83.1657 43.6413
30.2365 124.043
30.0494 118.921
72.1912 68.8354
74.1744 80.1237
74.8906 74.1262
92.0873 136.273
73.0995 81.6123
96.2386 36.8165
63.1155 81.5749
57.0828 114.447
12.4476 105.258
110.431 122.36
99.8364 85.3249
72.9621 74.4043
104.481 64.9503
52.7164 105.098
121.721 119.468
94.3453 93.5477
117.678 134.515
125.073 107.236
101.791 133.179
79.8974 55.4598
49.5613 33.3612
95.0107 75.45
56.633 77.3188
114.129 110.585
41.4735 83.7458
81.3648 72.1332
54.3636 80.9051
120.569 37.498
27.5413 70.1016
117.08 71.2622
60.6228 70.9977
58.4692 25.5106
82.0058 53.5742
110.399 21.3188
114.708 85.2418
84.2835 37.3845
68.6282 72.3688
117.363 105.453
28.3829 20.0285
120.756 64.261
108.125 130.08
10.3714 55.0114
82.3341 125.557
145.707 72.3688
65.1099 113.561
18.9803 43.6329
98.7746 79.8489
58.2805 44.2705
39.16 90.786
55.0412 42.4375
33.1392 113.564
71.1759 77.1317
101.601 56.9096
62.3876 63.3818
81.0696 60.72
62.4593 36.035
23.7236 120.665
95.0443 48.0516
73.2783 72.6034
23.5404 63.2197
97.1361 35.4637
76.843 55.1399
49.1825 140.992
48.1113 49.995
127.73 48.2801
77.0511 130.387
37.3985 73.2523
64.1628 81.6444
123.482 46.2098
110.228 110.569
125.461 21.2886
66.0244 19.313
50.7171 6.12048
14.4649 117.299
17.8682 89.1874
10.1637 54.0686
105.141 11.6265
125.208 52.3991
115.494 106.448
94.3923 76.9509
120.868 17.7903
47.5383 93.707
39.9349 119.748
12.8885 79.2036
63.9746 131.689
71.5301 61.4168
76.4037 70.4442
24.2678 99.287
32.2009 85.2618
104.04 80.3634
71.3025 72.4249
112.386 28.2776
37.559 61.8945
88.3772 46.6864
30.2874 16.7263
65.3621 94.5561
44.3153 141.5
71.6532 33.2985
93.476 17.3486
70.2712 72.2757
68.5847 64.7926
72.3318 121.373
13.4633 43.2916
87.7874 108.814
78.0841 77.5942
33.0159 18.0067
68.6393 79.8518
57.7215 55.3573
69.0711 35.7363
74.5992 75.1238
4.39125 85.3567
70.6361 72.3348
63.4882 75.6104
45.6766 51.6335
98.0245 103.64
76.1503 70.9106
88.5577 38.5206
74.8987 75.0078
121.521 73.1442
130.811 49.7873
75.8852 91.9026
72.5813 100.105
79.3398 53.6633
77.2984 77.0949
117.536 76.9008
85.3569 130.58
106.327 25.6358
7.29125 61.6077
87.9764 132.031
80.1493 74.9921
86.6045 78.9422
33.2767 130.317
124.691 125.953
46.4349 91.1842
17.9535 105.213
124.565 69.066
67.8606 102.903
79.0189 48.4775
106.287 98.4937
44.2073 84.8177
90.1262 81.8121
100.045 62.9019
45.9442 38.6137
3.45593 89.3445
70.1207 85.4639
46.8452 77.9746
65.8704 29.2032
120.849 105.686
116.244 92.9294
96.4725 127.191
106.414 85.2684
68.0786 74.867
53.1284 120.035
89.373 59.7606
106.56 47.4781
94.3432 52.5086
28.2424 111.089
88.1077 63.1077
92.3239 56.11
89.2219 103.891
84.2343 91.944
40.2135 102.401
78.4233 81.1495
46.4927 94.489
69.7865 37.4559
63.7396 73.0281
92.3598 111.529
49.3651 111.113
74.958 74.9748
88.8989 69.3964
62.6412 49.5916
56.936 77.5827
71.8838 29.6316
57.0284 80.736
75.4474 27.331
74.4796 80.8047
73.0222 78.7625
118.871 101.464
86.1793 109.393
59.0862 41.0222
127.949 35.1317
105.136 141.388
52.7114 56.6228
75.0599 75.2468
80.5757 74.1103
72.1948 57.9826
75.2994 113.525
91.4764 96.3685
77.7743 75.469
52.7211 51.452
63.6187 73.1736
74.6166 37.9584
48.0794 132.443
130.579 89.3645
147.856 72.0372
95.3443 85.4344
20.9215 51.4059
32.2965 115.368
75.2762 74.4701
89.9307 135.14
86.7148 82.5839
95.871 135.218
65.3918 14.9515
76.1549 142.636
61.218 108.037
41.7745 131.185
49.9207 100.559
90.2987 101.458
77.0774 77.957
74.2424 72.5962
54.6092 63.0374
59.9618 98.8468
103.594 65.6164
82.7897 110.492
33.5598 76.3474
39.8566 86.7936
26.2083 88.3779
51.1414 45.215
56.9322 29.8467
92.9735 84.6855
109.941 71.5109
82.9069 39.7207
130.539 81.9437
24.0119 93.3904
78.709 51.3496
72.001 79.6873
89.7258 51.8254
79.3899 71.8972
50.5811 51.3485
99.3404 109.086
47.815 55.4055
77.3048 78.4485
77.3559 59.2555
78.8782 102.972
120.417 37.0044
78.646 68.2736
51.8031 49.5397
69.2958 7.27936
39.1916 20.9597
91.5533 68.2224
117.111 20.3845
23.1835 49.2967
22.2952 71.5796
86.5363 20.023
71.5297 70.8031
61.0669 137.624
15.9064 117.743
71.6785 70.5352
72.6792 102.866
55.1546 99.3579
67.0405 76.1876
64.5908 87.6444
30.8247 92.3841
117.891 31.615
56.7908 51.9966
101.002 116.886
71.9301 104.7
88.668 105.178
33.0418 31.583
21.107 122.566
55.9711 38.544
106.029 57.006
44.6384 44.9429
51.3757 44.2677
84.946 72.5806
26.3698 99.3242
128.629 64.608
63.2893 9.27571
29.2393 34.4985
74.6739 75.2901
113.374 12.3299
96.9973 51.0536
108.097 15.1013
32.485 93.8882
98.5442 45.0547
85.8223 67.7932
104.98 53.3168
82.7631 71.0405
74.2036 76.994
50.1057 91.5723
101.253 71.1518
18.6286 110.04
66.2911 6.41059
71.8775 94.5962
83.1824 35.0429
92.7635 132.664
82.2663 73.8659
87.9515 128.288
103.277 78.7755
25.6327 83.3934
29.7796 66.8381
80.0696 66.9837
90.4866 78.3601
56.9464 13.4305
109.635 84.319
52.4086 20.5163
46.6293 110.824
65.6845 136.772
117.194 132.223
100.58 126.102
57.6812 97.5534
135.292 76.8117
29.1371 48.7346
20.1398 90.8749
52.7913 138.811
37.781 60.532
71.7452 28.1466
95.6939 102.931
72.2466 89.9434
103.929 120.034
81.262 75.2952
75.1902 74.9244
110.559 51.0961
30.1613 42.1676
136.103 105.917
100.274 122.263
67.2955 129.272
86.5921 141.716
65.356 32.6722
111.898 76.4497
91.1957 71.554
104.311 89.5982
74.4413 37.5436
64.6401 63.5946
56.1258 44.8067
64.7503 77.8033
13.37 83.2474
18.2181 110.289
73.7734 70.0943
127.556 122.724
112.352 76.4524
90.788 45.858
42.5931 78.4381
69.8557 19.3901
99.8986 86.1725
107.777 138.267
73.446 111.597
43.0915 103.043
64.548 75.383
78.2058 79.5597
135.005 34.2578
138.798 36.6885
88.1562 96.0307
83.7185 88.6276
4.83286 56.2894
82.769 90.7219
134.849 85.137
96.8836 146.178
66.5264 78.0636
133.504 100.864
65.6259 91.578
76.1587 33.7392
113.647 59.0805
18.9191 70.1251
83.2883 25.2176
41.0508 59.205
66.8716 11.1413
70.5403 83.0695
108.369 139.88
103.876 99.3142
68.5395 62.5568
58.2846 100.086
22.4994 47.0952
81.352 9.3736
44.6529 96.6228
45.7972 86.8952
81.5826 63.4784
25.4795 69.4941
118.142 133.671
102.29 142.939
56.0241 27.1461
89.5792 66.9029
58.3748 51.8623
78.985 132.808
58.2603 84.4157
56.3983 9.9358
52.1816 77.3212
11.6166 56.437
109.171 68.6778
86.4825 47.3811
114.338 114.176
87.4896 16.0787
56.6165 89.8177
41.3698 136.165
102.776 90.1985
86.884 83.3044
94.9024 97.2388
87.8311 33.89
146.078 84.8637
78.6347 131.123
49.4422 15.8189
29.3467 71.6988
76.0035 76.6846
107.604 89.4354
84.6023 60.6456
74.1938 74.3588
76.512 82.4072
77.4821 39.2933
73.867 73.3944
126.687 111.599
86.8549 3.19528
125.449 80.3551
85.4355 83.2972
76.0349 137.345
32.1282 37.8602
90.9523 49.5453
110.264 75.3419
52.5939 76.0742
85.8746 72.0188
67.0636 70.8787
78.3356 72.8636
53.3596 79.3613
59.5169 87.7462
112.7 33.6618
60.4855 85.7926
73.8372 93.9783
69.9791 82.8832
109.384 64.9568
105.851 95.8199
73.2744 113.157
118.169 31.8262
94.4997 96.6005
79.5701 67.0028
125.314 63.8065
43.9418 126.419
47.908 135.687
91.6293 24.8079
55.0883 49.2302
114.525 58.9597
112.118 117.69
79.8127 15.0714
20.2846 104.865
41.7812 116.528
47.4334 35.5895
16.7139 53.9289
82.4756 71.5305
50.7381 145.742
74.5597 75.642
76.792 35.11
73.4747 75.436
132.981 71.7206
121.713 118.406
84.4964 119.31
104.121 72.1084
75.7598 108.232
98.0128 87.0032
98.8665 28.0362
72.0873 74.5928
47.8222 61.5519
74.4108 73.4683
68.6926 82.0908
74.3215 75.8156
104.812 130.607
91.0777 79.743
3.72512 71.3715
74.8091 74.4312
91.1583 44.8272
40.882 63.6896
75.0095 76.3388
111.747 132.55
95.9267 75.1719
105.726 55.9103
73.6583 71.3935
37.287 44.312
118.546 111.054
112.501 118.639
85.728 65.9513
119.91 89.6439
58.3109 101.826
117.842 118.255
123.726 78.4832
113.935 61.8085
15.4827 112.882
124.384 51.3058
71.8594 91.2439
132.895 32.9514
67.0066 52.2461
37.5824 50.4107
11.0053 50.096
15.2015 117.305
98.2526 44.6167
45.0462 87.3538
124.687 51.0604
71.1822 72.1096
35.7543 13.4
78.1294 73.4531
68.2014 23.3479
146.168 85.4059
96.8624 125.248
113.593 67.7981
129.997 67.9067
77.7412 75.5223
76.6245 88.2677
83.0246 91.3435
20.7664 43.7398
61.5822 18.4892
61.4117 125.274
59.5919 53.8557
72.7493 136.333
123.69 87.6393
90.3448 28.2437
75.6327 74.7984
102.53 99.14
86.9698 119.03
142.246 41.9505
55.2741 18.8112
74.9431 76.5395
77.002 81.4267
78.272 80.0326
136.361 32.0079
93.7558 121.949
110.733 33.9613
102.002 28.9244
3.18257 64.344
74.7667 81.7546
89.9081 93.5402
98.1645 139.941
36.2156 85.4562
72.7613 63.1205
73.3427 81.7668
75.2827 77.9253
70.2627 26.7281
82.6326 83.0956
125.924 46.4616
73.4431 94.6053
145.331 75.1167
67.6424 103.134
65.7877 82.8222
36.9815 47.803
76.9206 12.8919
64.3526 79.2888
75.6709 75.4866
95.4721 140.562
87.1508 34.4432
76.864 11.2806
90.2877 76.2014
50.0373 62.5855
20.3006 57.8343
119.548 118.376
87.769 65.1507
73.2925 81.1868
14.8881 60.3854
76.9944 67.2357
54.6083 18.7909
41.4004 135.477
89.7369 55.8227
109.107 100.6
115.088 93.0861
104.238 59.0037
29.8708 115.427
75.3238 125.402
120.575 130.436
104.767 140.453
37.0232 105.911
35.9378 70.955
75.8214 77.6267
122.37 68.7086
59.5518 70.2699
46.5101 131.1
70.173 90.4301
36.3256 47.0905
83.8146 91.902
44.7 33.3145
74.102 76.0332
75.5619 73.1761
111.477 101.554
120.314 96.2609
110.536 87.9161
82.9885 25.6228
91.0524 79.3745
90.0214 91.9959
104.198 22.7824
10.7703 37.7275
37.726 110.615
69.5903 68.6363
87.37 71.2026
73.3844 89.8033
75.3489 74.6903
33.3118 125.233
96.2057 140.073
45.6567 122.688
11.5561 61.6245
13.9061 40.2626
77.9078 69.3719
22.6478 57.8738
36.0364 129.833
37.9328 127.1
62.8289 69.5215
92.828 89.2045
41.5994 75.3696
74.7616 109.619
47.9619 77.5965
68.3288 60.6078
35.9229 130.918
58.5062 78.1852
66.5307 53.28
116.061 127.068
45.6239 98.478
36.2548 92.785
61.3731 51.2339
96.527 91.6738
88.0975 11.8872
60.0468 67.9765
82.7282 76.3127
69.7139 96.1515
86.8296 74.3649
102.388 68.7117
143.925 75.485
52.3865 89.9265
85.2936 90.3819
92.0535 33.5078
102.072 73.8822
71.035 92.1545
70.0378 48.3011
22.7601 52.0539
62.0151 78.676
121.316 35.0232
75.0543 91.2488
76.4825 71.5679
66.847 117.621
140.396 76.9064
95.3825 57.655
92.1654 94.9022
81.4401 39.6507
80.7936 7.97019
85.4475 91.6138
70.1449 81.9596
71.8343 32.2829
95.9719 32.5384
87.5807 2.94271
117.907 136.141
69.9138 81.274
96.6076 34.0007
82.3303 24.3591
83.3911 103.063
37.3975 111.806
82.5617 47.2963
61.839 103.448
105.801 37.8964
110.57 105.385
75.3167 76.1578
78.8111 77.8981
65.5941 89.7719
71.7557 76.651
80.0963 64.3528
85.6779 2.48899
102.319 125.989
23.4895 63.1264
50.4213 94.6351
47.1581 102.632
62.5828 95.285
34.2063 58.3812
91.2916 96.8914
73.1123 77.8047
17.6381 106.009
74.5894 61.5816
95.214 29.9676
85.5364 56.5739
56.9148 144.096
86.2368 71.0731
66.211 117.042
84.4444 119.599
59.8795 91.0158
94.7084 125.276
48.2418 19.6559
119.878 55.6666
80.5831 108.402
110.263 124.894
90.8459 65.2867
78.8971 82.5646
86.6352 80.7332
48.1432 65.2713
83.5368 116.369
38.5707 93.1711
43.3754 132.72
62.8913 85.7771
66.6143 78.3734
76.948 69.9601
79.3232 145.159
95.4954 53.3919
75.7016 71.5834
80.5008 51.9157
42.6275 86.2721
106.11 127.512
39.9422 52.8711
76.0115 74.7892
77.0343 67.5951
95.9567 80.2528
80.6055 130.174
81.1783 116.544
111.826 116.62
119.057 129.8
61.3124 75.4589
76.685 75.5012
107.171 102.02
43.3212 83.1522
111.937 124.369
39.6499 73.6556
81.8852 109.855
61.1715 131.425
37.7308 83.4308
120.117 95.6226
75.1422 72.9696
88.1455 101.286
101.233 68.4251
92.6023 84.6118
88.4164 58.1258
89.2494 53.2416
129.993 48.2483
88.5812 104.256
44.8598 110.605
118.153 37.2716
30.9271 71.016
34.6299 103.192
85.0055 117.44
75.4843 72.4208
61.4531 89.1301
106.441 47.1168
73.8953 74.866
98.0906 145.848
36.6809 91.6438
107.124 106.204
74.3971 67.0807
9.97207 52.3894
15.5539 47.4242
20.7338 84.6506
131.42 121.676
91.3941 140.843
108.39 85.1811
43.1858 29.5766
111.98 24.6879
53.5162 56.2868
65.7984 52.7422
66.5387 70.0248
50.8508 113.178
94.7645 2.85386
80.8699 126.279
2.99363 92.8593
73.6861 89.2777
71.3792 10.7715
86.3806 64.2954
90.3507 42.8673
74.7074 38.7711
40.5372 140.301
107.534 68.5198
7.37621 55.8053
88.9807 73.3291
52.8205 35.2431
70.991 74.0979
75.5545 74.4321
94.8211 92.4536
64.2968 81.5092
76.4073 90.7534
24.428 64.9875
74.8996 76.254
94.2887 140.872
104.95 65.5606
120.353 41.5559
69.8056 14.9027
80.7858 57.5744
40.3238 70.4982
83.5204 20.719
128.094 54.3502
104.302 127.994
87.0659 134.579
120.736 61.1401
70.3942 80.6776
60.308 59.7976
92.3137 78.3678
44.2588 111.083
114.359 71.7045
84.307 83.0159
132.965 112.791
73.4473 45.5806
55.4219 48.3877
42.4711 20.3739
69.7292 2.21136
11.0426 97.8551
41.1093 119.674
34.5016 46.9471
9.67919 48.7054
79.4031 54.9591
108.382 115.677
143.336 92.8749
71.1477 70.2943
77.7446 75.4553
51.3739 58.705
64.2509 86.4965
80.3006 55.1869
60.6367 75.3
121.594 61.5134
80.6697 109.915
127.399 104.738
77.5727 47.2008
89.0672 50.5443
80.6774 78.8302
64.4308 100.766
60.6985 78.9129
47.9502 44.2855
76.526 89.3951
87.8315 131.789
110.422 122.496
89.4343 81.5643
119.939 45.6052
62.9542 96.7664
65.5863 86.0601
12.2077 112.973
41.8635 14.3123
74.2844 79.8201
99.564 103.989
93.9556 6.81052
41.9095 22.2767
95.2502 73.6576
78.0436 95.0654
37.4179 68.418
51.9747 85.4901
36.0347 50.0099
90.0651 6.15167
60.1986 59.9554
141.549 79.7534
64.7304 60.0558
18.6614 31.2482
28.5957 56.3651
60.5872 23.5987
46.9496 48.7538
39.7544 103.739
74.2877 95.6657
14.5819 94.6726
58.6986 51.8663
80.9088 76.9079
75.4677 71.7576
94.2446 51.3244
60.5776 133.975
77.0131 67.1268
17.5527 97.1669
24.4121 114.621
113.477 58.8029
78.4691 35.3204
20.2903 72.7875
104.626 65.3014
27.5017 93.8757
72.1084 109.155
139.961 58.8225
73.2984 83.5694
67.3187 139.96
97.8703 82.5985
80.1863 94.6252
95.5228 115.031
52.7437 75.8012
63.0432 104.888
92.2428 68.8907
75.2358 78.1033
80.1889 100.606
112.77 62.9372
75.9772 66.7069
105.452 127.496
117.013 45.6596
84.3606 54.682
137.244 80.5385
60.0226 131.967
100.825 95.5777
32.0372 104.808
21.217 27.5694
53.2335 116.363
61.098 116.499
51.3902 48.4691
133.356 54.6709
142.025 106.808
69.6533 86.1855
93.5263 64.5394
86.7393 84.6128
89.9755 99.9541
34.1154 20.5594
75.5457 78.7387
139.084 48.7099
61.2033 1.45765
110.447 29.4664
97.849 117.227
148.084 71.9862
80.0396 77.8627
138.742 80.0074
55.2526 84.3593
43.29 93.1899
20.8037 47.3561
134.714 98.9175
50.0166 25.2846
132.204 36.7715
76.9226 73.5318
84.1794 24.5907
76.5508 65.1538
120.612 42.791
53.9412 126.618
52.0226 118.645
85.2225 102.829
74.5082 78.5913
99.3978 113.786
77.1473 76.6842
66.9049 135.936
112.784 13.517
89.6253 49.4894
79.277 85.8385
110.531 109.838
26.7652 50.8021
64.2384 79.9594
127.053 98.4222
74.5363 77.3075
38.9858 21.2796
60.9722 75.8674
56.7195 21.7893
96.8167 128.326
136.18 58.8206
66.1976 62.0665
71.0655 48.3679
75.961 83.5677
123.47 57.3794
94.4893 10.6507
71.0809 58.7611
113.452 74.8513
89.7677 21.1534
79.5 54.8461
74.63 67.4208
79.508 74.7548
72.8516 87.6355
129.425 75.1432
116.361 103.788
43.2852 130.332
128.043 102.751
87.6206 23.07
65.4703 116.417
89.57 90.3843
78.5309 74.2099
102.608 105.677
55.2773 84.8279
121.815 33.5648
14.7482 35.5719
71.4591 79.9718
88.4265 118.797
94.3004 73.0242
54.2683 95.0963
58.1351 4.74361
74.7248 77.8031
102.841 126.873
67.6384 68.6679
23.599 91.3824
90.8664 51.7813
126.551 127.432
45.4532 23.3246
86.4367 67.3291
104.791 104.028
53.2071 42.7173
73.755 72.8958
107.568 45.9226
93.0127 93.7558
51.4206 78.8937
113.76 49.2929
112.542 77.2652
101.018 119.678
72.3551 109.726
38.7783 45.9884
31.1295 89.9787
31.6258 96.7267
74.9169 75.1107
109.96 91.5359
91.7708 103.642
96.9679 117.952
64.7284 51.6967
94.1846 133.446
93.5453 36.5742
104.214 104.321
76.2117 45.1138
24.0987 106.13
60.4582 119.205
95.6189 108.855
129.087 71.0889
74.7863 71.3458
80.5565 71.4472
50.0042 22.2156
119.792 42.1055
70.7386 121.739
140.417 44.6265
116.883 109.924
71.5349 131.739
88.7271 63.2873
79.1687 66.7205
64.9521 85.3139
60.7805 25.6354
80.6513 68.4376
91.6076 133.521
76.1764 10.4093
86.6518 63.7907
92.3059 67.4614
62.6064 62.9037
115.15 114.159
106.055 136.712
5.51238 73.7569
105.933 88.7548
36.0878 84.1802
89.4464 49.6526
76.6241 84.3997
74.3426 53.8435
112.924 55.4798
81.3582 78.6364
46.4111 122.424
108.771 31.1554
61.5041 52.7717
48.9501 72.2072
91.152 41.3477
79.2623 98.86
77.7337 98.4711
89.3272 57.4963
147.905 74.8239
75.104 69.0061
85.9779 75.2701
115.644 83.9502
90.2017 102.122
60.8419 67.4802
68.6093 49.093
123.739 55.3246
95.1693 93.689
38.3012 64.5332
94.8215 36.6136
134.156 36.7069
88.0787 122.747
88.2605 123.075
24.2064 119.5
108.869 90.1998
19.4494 75.6406
88.6607 12.3079
68.1865 141.421
126.621 35.9996
27.1329 92.6941
68.2494 83.3929
35.6674 90.7784
69.6524 95.8808
31.2626 15.2581
6.84759 69.7189
90.3858 87.999
72.8217 67.4223
119.19 35.8476
40.7235 73.8171
124.462 52.4325
48.7947 82.7269
120.07 59.7926
74.37 73.6088
102.571 79.3237
87.425 70.8738
84.9986 25.9816
109.912 97.9613
71.6037 94.5515
78.9414 97.5005
82.5013 116.207
58.3477 109.051
80.2883 78.4384
78.4433 119.333
20.7616 57.8874
98.3436 68.8203
21.421 63.2178
96.0903 90.8488
100.488 81.1142
111.988 79.459
38.6464 53.4064
49.52 62.8817
73.1282 51.2997
113.213 80.095
104.791 52.8969
107.552 44.8584
122.744 43.9395
74.1589 88.4358
116.964 95.9247
32.2031 101
112.455 43.3201
82.037 86.4572
119.821 93.7924
146.358 57.7027
96.7141 124.351
57.9923 51.8203
128.851 61.4612
64.9212 82.4777
31.7012 119.645
69.0321 79.543
73.2087 57.3696
84.724 55.2233
87.8931 71.0177
81.8312 40.3691
82.9689 93.5488
81.5839 65.5843
57.7827 80.0312
61.2892 127.397
73.7344 41.0108
83.4533 74.7807
52.2738 15.1819
68.5169 80.125
36.9267 58.0197
78.1359 72.2207
68.9015 70.0423
12.2168 58.1618
144.235 79.3908
53.1782 44.8139
91.9575 111.137
117.318 90.9755
78.447 116.272
117.982 67.3893
65.294 83.2669
57.8955 80.6797
32.1858 121.367
80.4516 145.784
55.1547 101.348
79.4037 90.5085
47.7034 83.6773
90.3145 8.4217
58.9448 31.5865
127.916 42.7079
104.111 9.10462
87.0714 32.1832
35.451 42.9316
39.7562 114.372
105.844 36.9176
75.9698 74.55
82.8332 83.7612
80.6966 120.947
69.4399 131.344
60.0156 56.1354
27.9811 75.1013
55.4671 95.4272
85.4148 85.4381
73.9509 88.3376
83.4992 84.8478
134.022 44.0969
88.4467 25.7392
77.2438 77.4794
117.132 64.8369
74.3283 3.25174
85.0988 70.3627
76.3184 71.9681
48.0321 77.241
130.141 115.85
89.5226 58.7217
149.021 83.2882
81.4011 59.3527
71.9662 28.6804
78.6079 71.9982
125.013 34.0927
69.5585 60.409
77.5453 71.6236
128.461 107.633
76.0953 81.3194
99.0182 83.1899
125.302 123.881
91.9637 5.66817
41.9995 113.1
138.97 51.8708
106.132 29.696
70.5127 79.5561
102.087 40.5837
103.949 81.9529
98.2272 50.3701
44.8053 77.0495
46.0774 83.3218
132.356 39.939
113.307 26.9868
64.9596 66.5581
87.6187 72.705
86.3299 99.5732
108.67 99.1685
79.3548 62.8483
31.5964 91.1712
40.4178 69.5477
130.856 97.969
46.5671 13.3192
77.6521 79.4037
79.6381 60.8206
117.86 98.1588
102.316 16.9724
117.971 99.3193
81.1502 86.9767
67.5651 45.2827
134.482 56.3259
78.9978 101.165
79.6009 32.2734
83.3344 68.217
34.1588 134.773
91.5679 84.7503
96.7625 64.5842
86.7178 110.42
62.4725 76.2996
51.2014 30.8181
85.8308 59.188
60.6838 10.4466
116.143 33.654
102.049 35.3135
67.1524 117.595
73.5328 75.8804
87.7438 73.602
110.847 138.426
100.515 30.9287
94.5073 73.0253
77.3989 130.206
142.75 94.7811
100.105 58.482
105.627 110.067
82.6285 71.2752
51.8741 94.5323
57.9981 16.9992
59.8739 133.349
32.8252 102.746
51.4042 84.6849
33.0697 24.8194
92.9216 34.1718
29.2828 80.7746
138.259 73.3044
127.981 90.8503
77.7522 73.2238
109.586 15.2836
82.4035 67.5477
110.873 46.1546
71.4491 93.4307
100.103 86.2314
59.8541 89.6261
15.9465 116.96
35.0512 123.445
52.7661 27.1865
90.0517 16.8446
70.0684 71.2925
99.7199 47.1899
45.5898 76.0459
76.263 82.0629
71.4816 0.132684
11.3218 40.7741
27.5841 60.23
89.3143 119.238
51.9301 66.8276
73.0168 43.2737
30.7216 27.4507
50.1718 60.2792
30.5425 77.4699
54.4405 89.9277
76.0728 70.6154
127.79 70.481
132.499 60.7658
124.095 30.3439
70.773 37.2456
66.5725 106.648
116.354 110.744
87.7627 55.0109
84.6237 13.9234
49.7149 46.6158
93.8696 64.5774
10.9874 72.6408
106.671 82.4255
73.5455 84.6214
108.135 61.0388
73.7266 69.9632
52.6 125.566
55.7841 90.122
65.72 78.18
105.325 101.845
103.386 95.9213
126.204 125.222
115.042 60.1833
64.7176 132.624
63.4448 134.027
86.1574 80.8727
75.0715 76.292
71.1807 105.383
51.7049 68.7585
137.478 53.2774
89.7506 136.613
83.75 74.3168
75.5785 74.6047
76.0859 56.9679
48.2297 86.5806
77.5737 73.259
33.5141 106.072
16.4239 33.3912
107.171 131.455
87.377 61.5726
75.4509 0.742189
102.283 12.3224
84.3224 92.0931
82.8806 26.1402
5.5174 101.471
91.17 40.6049
111.491 68.0899
87.2915 41.6146
76.5633 49.3563
79.1691 56.468
59.2654 128.487
76.4325 69.3718
87.0242 47.6592
81.5921 67.5293
78.4279 65.0579
112.342 120.375
99.2936 63.1918
126.826 106.144
21.2821 59.8982
96.6765 70.5633
81.3733 123.725
73.4827 42.1227
122.664 81.8738
80.0302 106.571
18.1514 41.8376
108.016 129.81
47.0585 80.0836
81.2887 57.5382
53.3151 57.723
90.6505 80.9593
24.9785 90.9665
4.32362 75.1521
56.0867 79.7599
27.4092 41.2165
88.9164 99.6572
141.146 78.3114
77.3942 106.549
63.3862 122.394
91.3351 54.8593
59.0254 106.53
61.3675 102.614
72.1382 103.876
107.454 90.618
148.545 88.506
68.598 68.8726
83.0443 48.3223
24.7765 73.9277
64.7348 53.0521
62.973 77.3401
67.9149 108.598
133.271 34.704
36.551 36.7018
145.192 74
109.762 87.9808
80.7483 83.3095
101.328 47.2917
70.4721 38.5588
97.2736 124.939
75.1813 75.2956
67.3081 93.9982
141.186 77.0484
75.1815 74.3324
90.1731 9.71312
85.0212 22.9674
12.1786 71.1101
84.4066 68.4944
79.0632 78.3018
57.6422 18.7206
115.212 68.6188
79.9139 90.9846
130.306 73.0875
30.9232 21.1008
99.7466 33.2421
90.0045 73.0759
51.2485 28.061
90.0949 97.07
144.82 79.9619
120.844 53.3925
36.2237 80.9897
81.9772 115.173
63.8377 113.208
80.1528 78.1839
41.0991 68.8924
53.222 67.2171
118.1 89.4409
88.3305 82.988
95.6182 76.3811
94.8333 21.8708
72.0789 3.60855
121.477 58.0989
90.6086 92.1309
118.537 47.4955
124.854 65.6365
98.6686 17.5918
70.3368 65.4233
68.5917 75.7484
52.5241 79.8539
38.4152 79.814
100.124 112.86
107.878 103.64
30.8956 63.7653
78.1916 59.5458
103.024 83.6042
61.3554 62.4452
77.1655 77.2119
125.623 121.078
119.747 76.4543
80.0283 81.0589
78.4331 45.7264
42.8536 67.2914
101.805 36.6156
67.1632 78.1725
33.8681 86.4159
103.095 76.9824
90.1206 83.129
121.911 97.0315
94.503 63.5426
112.128 62.4608
80.3951 59.2917
73.9719 68.778
80.1796 100.471
116.011 78.413
52.5087 117.478
94.521 39.5543
125.827 100.173
121.315 35.4359
8.50219 61.2681
105.305 116.265
30.3239 86.1509
66.1581 21.795
70.5846 54.6796
112.589 135.267
63.2995 84.0107
79.0235 77.9446
81.12 86.3417
74.4957 70.7921
149.282 80.4785
73.8374 69.6557
106.447 15.1299
30.1322 93.1497
83.5018 41.6865
80.4352 78.4099
76.881 62.8982
131.156 106.539
111.673 75.0305
60.7836 37.4329
79.6661 46.2517
45.7572 47.5335
75.3738 72.5848
69.3619 54.9615
50.911 81.6034
114.943 71.9853
85.5084 84.4527
106.362 136.447
94.9716 55.3124
62.9419 133.796
87.1126 83.4311
38.7973 43.5008
31.8676 92.3169
80.5751 42.3976
70.5388 78.5546
60.582 115.157
138.157 45.5334
35.3338 109.081
70.2215 130.707
72.957 79.586
82.8257 49.3013
92.9712 98.0858
62.1806 79.9217
69.9196 88.9501
60.2692 99.6953
9.86329 74.987
74.5388 7.06807
54.51 114.308
57.0539 19.5135
97.7972 4.29208
67.2844 67.4934
34.8394 60.4746
65.8045 91.6773
28.0135 100.254
105.884 133.701
101.908 18.8469
27.1322 27.7694
48.894 95.2458
79.5976 84.6017
57.6753 137.898
50.5441 56.2484
84.8143 75.6248
21.4961 116.059
93.4506 4.02279
113.868 81.1597
59.1332 98.0761
145.77 89.2289
78.6764 30.4503
80.4727 84.5362
90.7232 128.535
45.3592 88.0986
80.1556 68.9473
113.302 58.0194
40.0705 35.6931
84.4865 77.7158
27.1373 62.2922
58.7638 56.856
80.357 120.273
76.9535 79.5271
25.9949 89.6232
26.357 65.7824
29.8047 56.4553
70.5074 116.127
69.5452 74.8364
76.2469 32.534
121.403 19.5128
84.1178 90.4413
56.3851 109.887
34.8679 55.4955
79.1963 76.7839
61.5615 31.4354
32.3807 121.249
116.982 60.1458
83.8362 15.8005
56.0534 125.044
27.3346 132.727
92.156 92.8307
77.0738 118.843
54.8665 40.5888
22.2265 58.9199
36.9953 13.0704
87.5139 1.38727
67.4963 60.3682
37.6581 22.5925
86.7556 47.7942
45.2596 95.9045
104.266 86.9685
62.861 127.44
91.4877 99.1802
20.3914 107.212
133.505 47.9268
94.5756 64.1973
62.142 71.3204
66.0585 53.1949
116.867 14.4507
82.5859 59.6286
77.301 69.97
89.8768 126.428
95.3569 55.2415
76.5545 24.0159
81.8185 43.4982
8.52683 69.2277
75.9159 76.1863
101.696 29.7304
72.2891 59.2061
13.8611 33.3644
108.481 92.23
55.5311 72.1019
128.941 93.2442
120.243 119.077
38.688 89.7949
58.0618 56.0363
33.1766 48.7865
66.7618 78.0569
33.5974 89.9289
84.717 81.2297
88.4824 63.0507
126.939 30.6508
145.822 98.5444
110.313 76.5324
38.9601 69.4744
95.156 64.501
85.778 71.0961
56.5483 145.048
50.6451 119.918
97.3914 90.6218
96.4544 124.325
101.589 118.237
88.2062 55.4264
80.4118 68.439
87.7318 67.1815
145.914 59.3756
77.198 72.3163
59.1295 16.2243
44.611 26.3129
105.509 73.1515
119.772 15.846
65.9426 93.5735
115.507 124.851
21.4489 92.6851
103.113 58.9125
118.855 46.3929
87.7678 67.262
57.2162 65.11
84.827 101.386
38.5272 42.2608
85.0106 22.3949
95.807 24.162
64.7764 26.0038
76.3822 75.4174
116.266 84.7717
94.1005 9.894
51.5265 26.6578
137.059 105.172
115.885 77.0432
37.8311 40.4467
69.7189 79.7442
55.6807 106.75
112.052 108.245
83.4149 105.173
108.652 71.8933
90.9257 111.744
111.964 117.98
122.986 40.9121
100.041 42.2869
94.4472 71.7918
51.268 81.2813
25.4616 30.423
83.3492 3.87446
83.9538 132.286
60.2716 34.9143
34.5917 51.908
57.5722 36.2791
70.1153 39.6523
127.495 71.9332
123.414 90.2574
92.2472 103.513
78.8326 38.2348
57.2861 106.115
73.1751 71.6149
114.014 81.5099
86.7023 124.621
83.1178 100.794
113.874 65.4945
37.201 69.6466
93.6663 59.4179
91.07 80.0322
50.6544 71.9824
61.3374 64.963
59.736 140.745
67.4202 92.5048
128.958 61.0564
70.0065 82.8851
60.8159 92.5687
120.735 114.691
115.467 95.1767
103.9 79.9714
71.37 80.2566
82.4954 84.8565
143.782 84.0734
129.194 98.0905
49.8209 92.4507
46.2681 115.683
75.4736 71.7703
108.112 94.7451
52.5911 101.626
29.6082 63.9821
108.105 89.4769
29.0186 116.492
61.7504 129.301
56.3524 88.3156
93.5522 103.991
90.466 66.1097
94.5824 99.5594
57.1081 14.3306
68.8404 84.0071
22.6427 65.1669
47.5548 77.1864
117.272 126.066
11.7251 84.9255
35.4549 108.251
62.2797 58.8945
61.5436 51.5747
113.234 25.0685
45.9066 46.3102
78.3634 65.4089
145.107 61.1301
72.1608 75.9985
83.9241 130.815
88.6091 147.306
140.192 99.4179
58.8388 111.994
93.0775 74.2358
73.5385 82.413
86.5382 34.584
129.03 116.015
80.6117 77.2857
73.8836 78.1011
138.367 39.537
134.708 76.2935
103.339 106.231
84.3037 65.4013
41.5309 90.5682
73.9829 75.1351
117.98 61.1704
21.0844 68.9588
29.2249 46.184
97.3578 37.24
59.6719 39.0734
74.0674 23.5407
61.4207 79.5306
23.7452 24.5937
87.3103 76.9865
85.2484 85.0105
87.5676 72.1105
34.7487 91.2244
116.992 113.513
82.7553 73.1739
81.099 117.265
38.3862 80.8408
100.553 65.4973
131.943 89.5998
53.5882 52.124
68.0113 74.4161
83.0808 33.2881
72.4118 74.3784
45.4836 96.7473
85.1837 80.7789
87.7141 114.07
81.6346 149.432
40.6868 80.0687
111.238 63.6057
109.738 80.3768
52.0924 19.43
76.0173 70.2116
135.293 82.2585
126.596 29.4918
57.1907 56.8158
75.8802 100.938
36.9168 35.7873
57.1056 108.144
80.0441 80.1991
65.6539 80.0493
56.4218 49.5889
71.3634 70.8421
65.5716 98.2585
103.597 108.4
66.1052 80.5341
29.3584 45.4273
25.0988 81.373
3.04492 63.1227
75.6586 74.2675
120.957 98.704
105.179 65.0352
52.0331 95.5569
56.85 42.1131
76.2143 85.8311
17.3687 83.7221
63.3421 68.5825
70.1598 61.1146
66.8661 72.0149
31.122 42.4301
46.0386 77.6069
75.1969 74.869
84.0069 69.487
141.488 91.2569
73.4119 57.3906
96.3185 81.5911
82.5372 133.296
115.989 27.8264
84.0126 51.2365
74.6046 8.23467
96.6134 51.7294
46.5958 89.0853
124.733 46.5387
51.4083 94.4803
25.4223 131.06
75.6162 112.725
77.8801 71.1262
50.9972 48.1284
103.364 22.4012
30.6236 54.5638
117.57 32.3973
90.4244 76.9269
43.9648 36.1835
92.6832 112.328
28.8849 81.1519
98.6723 106.608
79.6922 76.0519
27.5397 20.947
59.1104 139.771
20.497 126.371
28.0948 53.3238
60.6883 68.6827
19.4461 105.692
82.7807 134.473
35.1999 89.4341
56.6155 24.2305
104.329 12.136
66.8778 91.0826
48.0656 103.106
96.7592 85.2638
45.2542 39.6234
70.9748 58.7937
43.4216 20.149
87.8923 94.0545
101.319 112.251
78.5302 130.983
113.062 84.6307
76.2943 89.4859
90.9678 48.9477
90.6661 133.51
136.865 73.0818
56.5542 103.465
133.45 60.0347
72.3442 94.9701
100.243 124.277
45.2902 132.641
69.3252 63.0405
82.1971 85.1238
41.5896 51.9916
44.7369 59.904
63.6367 45.6901
73.1354 78.2068
39.8735 47.9727
36.3904 113.924
65.0119 84.1985
62.3489 136.999
56.7247 58.2965
134.081 84.1668
94.9361 61.5766
77.6623 72.7481
98.5523 113.251
64.9792 143.443
98.565 89.1938
108.851 30.4643
80.8603 59.4746
72.2774 15.5403
82.1043 86.002
106.417 123.742
75.1872 74.7545
28.7301 66.7508
76.0368 79.2233
93.2679 60.919
55.1028 84.6849
82.6261 118.985
72.1411 82.8258
53.986 75.1204
49.7007 24.7099
87.5906 59.8593
40.3245 141.427
109.823 115.313
91.3083 143.277
81.8153 37.5661
75.6871 75.3808
133.496 47.8638
84.55 1.05384
5.92244 63.4495
82.5941 93.3281
129.905 107.466
88.8721 60.6915
69.7295 71.5406
60.7791 51.5116
90.2087 80.7985
111.774 74.1003
45.6754 87.437
91.4275 35.7761
67.6863 91.0219
121.462 55.2382
96.4368 23.9064
69.8664 68.5996
59.069 136.585
75.5572 80.4697
80.0694 105.923
129.612 72.9755
28.6533 86.8723
81.8098 69.9964
89.1985 145.778
83.0818 54.7144
73.0762 35.8574
65.6843 97.5631
74.0091 66.8047
66.1997 33.2522
93.305 79.7255
75.2034 75.3374
103.172 45.1925
77.947 83.2506
101.443 17.6307
117.785 88.0771
82.6378 86.5115
133.986 70.3648
77.4032 19.3679
62.9018 67.7247
81.3863 33.4475
75.2819 61.1264
54.0875 74.2734
113.907 91.7033
16.9712 91.3197
32.2766 53.9723
69.7301 114.817
108.196 27.9493
94.1201 69.8608
33.6549 111.08
46.9239 77.5277
47.9005 90.4488
24.9276 86.8883
74.7539 75.8081
100.195 45.2577
72.9768 61.4365
81.7919 72.5343
136.115 54.0712
61.1529 68.7049
91.1291 106.688
108.519 117.489
72.0517 70.5665
91.0538 94.0762
138.907 57.9279
76.4457 69.5874
92.1728 91.1532
65.8053 103.116
16.3189 70.6129
72.2026 33.4205
78.9824 85.8713
68.9253 94.2958
117.864 40.9576
50.8615 110.734
61.1363 100.509
53.2235 89.12
86.2256 71.84
78.0296 52.2635
39.0224 108.916
66.6202 76.6575
29.3392 119.153
118.512 80.93
88.5049 69.6822
126.395 48.8451
77.8487 72.5863
22.5118 78.8867
56.242 91.6958
73.7389 26.7741
28.2616 81.3343
90.8225 121.139
30.3534 23.0521
122.198 131.703
10.3591 70.5655
74.7731 84.5628
122.758 59.7964
68.1554 12.4668
68.5025 68.6827
75.0964 57.7761
66.1794 86.6214
135.177 91.022
78.7497 48.3606
68.794 74.8208
43.8044 58.8356
27.8019 119.304
84.3131 75.5504
79.7008 74.241
135.962 58.7704
65.7378 43.7495
53.6913 64.3257
55.673 106.615
26.2412 52.9199
61.2399 35.734
8.81191 84.2081
72.6037 101.701
55.9798 76.1885
80.6933 71.8642
87.0812 55.1223
4.71816 97.4573
108.868 112.62
40.1825 62.3329
76.6938 91.4128
17.2567 43.1006
98.4982 42.941
133.565 103.929
35.0943 112.906
127.306 128.038
57.1652 10.6981
108.739 42.1559
100.944 80.5932
72.4775 45.7968
141.892 60.0273
109.334 21.6067
69.8805 72.8666
94.7209 85.6789
73.9777 53.5402
29.1945 95.157
64.5121 69.6556
47.2074 114.424
103.874 68.3727
48.6093 68.445
4.54239 85.946
120.071 48.4802
99.0434 95.9932
85.8484 143.098
107.08 110.845
68.3967 81.6511
105.852 52.5458
89.7219 136.231
76.2446 82.2357
69.7093 58.1306
56.1705 27.9586
135.505 79.0392
21.5144 47.0788
88.0791 65.2422
61.6773 32.7755
26.5901 110.719
56.0588 82.8084
93.4782 85.3897
80.895 50.0281
86.6127 82.0408
35.9505 84.5169
72.8292 70.711
74.2634 6.19691
70.6356 95.7338
74.6346 73.7353
110.876 32.7048
15.9645 79.1615
10.8651 46.7154
81.209 78.9925
24.4709 43.9901
71.0391 90.559
122.167 104.07
76.9881 74.4903
92.2194 136.615
71.0955 29.0332
89.3617 75.6491
58.8706 2.86037
120.833 74.1245
75.6932 47.2574
80.1115 122.661
116.117 80.7177
81.5485 116.514
50.3288 58.6202
81.2222 73.5364
49.3082 79.5375
98.1595 83.8174
80.4264 29.1278
43.2169 28.8021
93.3753 38.4137
102.605 104.799
69.3097 71.0568
108.162 22.7498
82.4153 73.957
66.1785 44.4155
89.3746 63.6466
54.2684 105.313
144.003 75.5423
69.6149 118.685
28.2539 71.8621
67.855 112.376
76.2328 38.5775
91.0582 73.0185
32.8752 53.3982
124.817 118.847
95.8047 78.3004
121.262 127.644
93.8105 59.583
106.403 41.6014
75.688 75.4714
92.0212 89.9142
102.011 51.1525
61.1622 45.5355
68.5621 120.649
48.7336 83.3657
84.5597 70.2058
125.723 41.6598
72.3644 83.1903
68.4733 84.2555
137.088 102.817
81.2808 70.2336
49.6556 6.3893
84.2638 43.6928
56.9357 43.8389
30.204 47.359
91.2264 143.322
94.2601 75.2263
56.7815 27.3603
39.6697 94.704
30.5862 45.7147
60.1835 55.7743
76.9777 74.3288
37.7422 10.2466
54.2231 87.4786
42.4603 10.8718
56.4114 87.8069
69.0686 40.5335
88.7404 128.319
79.1244 97.7273
75.0627 74.6074
30.4688 80.4997
77.5646 77.6157
25.3889 69.7621
43.1944 21.2316
133.952 82.1772
30.4053 41.3375
72.4437 76.2301
61.886 76.9014
143.078 94.1626
65.0694 96.2198
106.972 70.6369
82.4935 16.8706
139.884 54.5701
112.363 74.7907
42.4727 28.2735
122.067 78.6004
85.2243 48.5732
98.5962 143.563
43.5703 84.203
94.7352 63.8243
67.0635 108.093
110.104 48.2642
127.906 57.7956
65.3965 107.347
69.8622 82.3495
70.0392 70.7537
85.789 92.7873
86.6748 89.2481
130.143 86.0833
104.346 86.3653
103.112 115.528
121.739 63.0924
83.4873 133.376
57.7781 73.1104
17.8585 91.5063
103.243 103.785
59.4776 95.991
71.3223 37.9483
72.3337 81.1464
73.1585 62.4724
75.4753 83.6322
103.444 81.4477
91.6187 73.521
75.5336 72.9614
113.256 92.5587
71.4066 82.121
41.7621 40.1323
65.934 142.413
109.155 109.079
41.0682 101.505
52.2534 80.3409
142.655 67.5592
138.151 84.0057
98.2865 86.886
80.9696 46.3206
51.6512 105.53
74.5946 76.2707
33.5808 92.9094
12.7156 92.4355
50.8686 28.0205
79.42 47.216
39.7446 54.6613
69.6559 54.5795
107.035 142.31
53.4083 79.4848
16.6561 87.4094
68.2 70.7922
71.985 66.8096
68.2668 94.5338
81.2136 143.213
79.1362 67.529
42.0757 16.9495
80.4622 90.6183
94.712 62.2373
113.637 19.8641
38.8857 85.2818
97.1505 45.0235
121.846 44.6477
74.7778 54.5281
54.2844 74.1401
73.2502 78.4451
76.8472 100.772
27.9993 46.4402
58.5774 3.65135
113.666 14.589
83.3258 51.3576
78.5908 64.6577
122.52 48.3371
98.9907 40.241
74.4179 77.9766
76.5901 78.7243
49.998 24.2494
60.2923 74.1859
27.6193 70.7701
38.7564 78.5689
67.8929 51.9259
29.5774 119.486
95.8466 55.9473
93.5152 63.1476
14.1862 102.242
50.7509 44.852
83.0338 147.347
10.1075 40.4709
34.1591 72.2997
66.5497 73.1046
71.9127 76.1868
12.778 115.749
101.379 6.23164
96.3549 18.2788
114.373 123.579
68.6303 56.2998
61.813 98.9974
75.2178 96.8706
63.9575 69.93
79.1128 83.689
130.113 54.6638
48.1327 43.3101
75.015 32.6104
89.1992 85.8989
75.4525 126.26
47.6706 34.6519
69.2327 74.4192
66.3432 48.7476
79.4732 76.8128
56.5689 52.0852
2.32836 88.6715
113.102 80.3636
74.3619 131.376
106.784 37.3863
34.6529 94.1768
70.8087 60.2475
77.4087 62.0278
131.174 33.3208
83.6791 79.7014
60.4717 68.6777
72.6945 23.742
86.1704 67.2747
113.103 105.611
74.6275 73.8745
10.3082 109.373
128.482 22.7548
93.4906 99.4108
77.4072 68.5453
21.0759 91.9856
55.8457 51.781
34.2013 131.458
41.4079 30.5137
118.83 101.668
81.3051 61.9285
73.4049 78.2833
112.35 54.0338
132.39 101.395
71.8076 71.7198
56.231 57.0147
90.4803 30.8572
48.7249 53.3566
73.9562 71.7163
104.659 51.5718
124.952 64.7943
112.059 86.8681
68.2275 102.213
92.9635 86.33
79.0317 56.4355
109.842 81.0902
85.5194 41.8551
64.1065 74.7793
66.8785 76.4076
74.9733 70.8743
67.7075 108.865
74.9578 74.6229
89.7244 107.937
110.43 16.9391
27.5033 80.7304
53.223 16.6873
8.52072 62.9746
80.8358 78.0785
72.6941 5.42335
74.9143 58.4008
107.821 122.748
86.3141 62.5418
86.1849 82.2015
73.9769 74.5698
75.0669 84.7274
70.6276 69.7094
84.4484 79.3141
