2500 2500
33.8973 210.466
8.39386 126.748
115.036 12.1254
133.967 89.8529
178.67 192.256
89.7633 139.058
197.374 73.0552
54.012 94.3289
167.624 147.521
118.302 60.9732
30.9322 122.88
119.759 31.06
31.8549 4.22862
117.608 145.805
82.3397 197.026
38.14 40.2855
101.011 54.5369
207.976 209.05
33.8442 142.142
162.869 177.805
36.605 27.5835
67.1885 187.283
84.8112 88.6446
109.447 105.015
24.4882 160.77
30.5248 45.4113
41.4099 126.413
178.82 183.26
112.326 114.611
113.08 24.6097
201.584 169.187
59.046 117.332
63.9468 0.58104
14.8201 42.0441
10.0323 87.7245
189.293 86.6171
163.984 147.044
15.9346 1.19639
58.2419 142.881
191.64 70.0919
48.075 170.424
127.482 158.678
141.124 32.7803
128.337 103.021
10.4006 145.244
151.124 156.476
119.698 71.0772
211.499 178.14
180.572 140.456
166.614 170.763
85.9254 170.004
132.793 20.4967
176.331 120.932
127.224 96.2403
157.177 79.4338
21.5599 125.206
205.738 21.8715
58.5496 136.914
94.3124 121.962
145.709 152.2
203.722 164.459
107.518 201.973
21.9093 175.46
103.344 58.2501
132.347 72.3863
166.742 14.8982
106.035 12.0042
85.7666 141.849
126.5 103.358
64.9255 145.739
7.70894 118.893
182.532 22.2914
80.2626 89.0096
205.056 95.5944
83.4963 96.3289
132.335 176.201
54.0892 0.797241
95.9887 126.438
207.934 26.6339
70.2413 22.746
104.258 69.788
39.0742 137.587
70.2244 148.873
42.0236 208.601
20.0204 70.8355
201.509 26.7172
103.56 159.43
121.688 94.2422
1.96232 137.944
155.152 210.629
124.871 200.072
115.001 70.241
193.232 59.4216
137.3 157.015
38.3394 144.305
172.636 31.3277
131.431 47.0759
16.3618 147.726
145.611 106.606
164.622 117.176
97.8582 174.516
43.6075 94.1895
122.026 129.152
96.2678 192.623
85.8467 156.577
199.108 57.0894
48.3353 55.2094
178.718 172.014
192.711 202.724
145.421 75.6281
141.11 196.042
2.02303 7.27255
196.19 149.228
126.423 98.8494
118.151 190.432
211.511 96.1052
165.916 196.594
167.841 194.736
140.027 117.48
30.1594 158.997
167.455 101.046
68.0375 101.175
59.7746 191.371
127.632 72.1619
84.8128 166.543
193.53 96.8163
106.86 184.007
83.0134 62.3329
43.0274 101.74
99.582 107.44
8.87318 211.426
135.128 147.849
127.751 140.927
99.1866 67.4943
141.263 23.7647
175.269 25.8327
149.266 125.376
11.0459 67.1186
25.9554 67.2935
77.1247 62.8675
129.072 211.289
190.619 158.606
95.2988 191.311
108.877 44.3379
187.851 180.476
5.32587 156.548
106.001 19.8719
191.079 179.182
135.453 202.884
51.6664 91.6611
147.499 142.761
123.422 78.9055
61.4943 10.5883
132.856 121.459
67.8588 175.664
162.894 129.123
203.107 207.761
50.1889 39.1368
173.544 115.88
116.439 144.293
72.0981 157.821
177.06 205.772
104.787 201.069
205.061 209.144
88.0184 38.4258
151.684 164.897
95.0516 108.13
163.593 106.2
129.375 128.045
163.672 90.594
167.127 103.66
0.124187 16.2932
138.24 35.3904
16.5038 82.2356
51.3506 169.85
15.575 54.5664
54.7946 155.362
130.633 105.098
204.689 181.189
129.992 152.272
115.225 85.2273
210.976 32.4478
108.125 120.56
87.5677 177.116
27.9681 152.025
187.744 130.533
126.932 104.841
126.972 59.6653
91.4258 60.3094
174.974 207.837
73.578 8.89073
107.149 84.2177
144.492 6.02828
150.73 179.412
99.1758 29.6147
78.7441 16.3525
98.7444 207.681
71.584 46.5678
18.8369 116.949
88.9869 202.832
142.782 30.6839
30.2659 51.6332
89.634 208.27
172.183 26.3502
77.2879 160.287
1.38164 118.108
89.7476 94.7212
197.676 49.3298
210.473 153.621
183.69 133.515
27.6204 36.1155
5.49512 100.768
175.691 90.1621
71.8012 54.7873
142.066 81.0247
150.661 144.427
132.66 28.4758
28.9539 20.9612
113.144 63.5747
134.198 50.4641
49.5625 169.185
168.313 166.199
53.6445 140.887
207.77 97.1041
30.1252 38.1366
20.1017 40.1909
8.13126 181.133
123.429 144.262
40.695 174.164
40.5463 82.4464
156.868 95.0049
89.3895 179.548
30.0583 41.1974
194.765 86.9731
78.948 137.765
84.3597 157.263
53.9844 83.5712
156.887 16.8459
108.604 193.929
175.907 5.49148
84.6118 137.1
128.216 174.044
10.0209 47.9886
96.153 41.3315
166.2 87.639
121.672 189.529
177.975 150.352
167.461 29.5358
63.2508 75.982
145.863 67.8824
205.808 68.9891
119.432 49.4393
99.6795 23.7176
11.2342 46.9075
18.3417 180.892
136.584 176.992
48.7008 52.6407
94.1975 92.783
67.2983 159.074
91.6536 167.699
187.808 78.0104
177.755 79.9407
19.1607 144.665
14.6788 58.4267
2.49075 154.893
179.918 43.8511
19.4595 62.4823
123.582 176.237
38.4157 89.0054
122.543 67.4273
196.537 90.8548
167.292 31.348
76.0763 13.3015
6.00533 115.667
88.0971 201.04
105.922 74.5499
182.434 25.6824
75.8028 25.806
207.142 32.0296
168.439 19.3112
181.164 38.4629
56.9774 167.39
138.012 140.583
56.613 0.759164
52.3622 101.826
149.596 24.9162
98.0006 97.4508
19.7443 197.844
60.7112 96.6565
166.924 188.884
134.947 109.538
119.488 209.141
42.2112 115.232
147.58 148.215
63.7587 169.769
181.874 178.781
115.986 8.52248
109.585 167.268
19.4982 119.288
147.567 21.0426
203.863 135.353
132.934 204.349
181.793 34.7528
191.341 116.193
144.493 48.1692
200.129 210.876
112.596 61.5096
181.595 123.299
68.629 6.79269
98.9483 142.276
110.768 92.0586
108.025 140.534
160.984 80.9328
12.3832 88.8966
90.989 191.969
48.502 131.198
43.8869 172.668
115.777 148.586
194.207 81.5017
94.9943 180.69
8.34641 138.067
149.315 113.664
128.16 176.331
56.4141 162.223
200.429 65.6234
103.856 131.357
167.197 196.297
156.766 51.7833
106.468 107.634
35.9547 87.4969
159.485 194.04
141.595 26.6789
208.447 184.562
159.539 153.704
206.573 147.656
208.877 85.4751
166.501 97.8483
192.704 116.609
198.488 174.087
155.734 197.852
145.017 22.2934
55.1266 3.38514
207.4 181.916
93.9829 85.8765
160.797 75.4734
176.08 103.785
163.345 59.5184
39.6529 150.655
13.4836 169.19
159.088 90.9918
124.485 98.1211
83.5258 6.16612
12.7446 126.605
169.25 181.883
112.199 117.434
88.5713 174.001
207.751 137.003
61.6654 68.4925
207.148 67.6287
118.329 156.395
171.232 169.57
15.436 123.712
34.0995 140.155
131.38 54.9734
195.8 122.13
102.252 40.8267
11.3987 23.611
200.218 137.664
22.6272 84.0658
73.9935 134.741
112.313 154.039
1.18635 95.9544
201.849 101.149
14.463 124.577
32.606 104.278
106.051 128.782
103.936 30.1715
12.0155 168.356
110.075 171.113
0.287272 103.472
131.685 210.786
173.217 197.807
47.8733 51.2666
71.3356 56.2757
61.5849 165.874
8.79619 24.9537
120.43 1.50773
159.909 46.813
165.364 178.19
195.219 112.659
165.432 45.4797
14.5645 212.08
34.6646 11.0565
195.975 74.8506
201.304 26.9398
92.8609 88.6625
182.585 89.6218
141.192 208.109
81.4651 61.49
75.8734 164.176
110.664 21.7456
91.4144 95.6457
46.9219 14.2862
78.6692 196.939
131.703 136.349
206.384 99.3854
32.6558 67.7643
80.077 102.512
132.082 152.456
156.045 19.9135
127.202 13.8447
159.625 39.8554
93.4789 10.6662
19.5802 106.715
141.605 68.2971
59.2501 184.628
118.44 187.92
83.9059 183.08
167.062 83.8732
50.059 187.256
72.4955 184.156
91.0794 37.589
54.5801 36.1862
125.25 83.5402
19.907 35.8834
97.6722 85.8201
107.21 154.441
32.3338 111.919
114.392 38.0548
125.262 73.8743
0.138568 124.342
42.3867 199.193
79.9163 143.815
51.6122 101.271
128.624 156.784
53.3577 95.6353
134.834 159.416
16.484 56.0516
12.0226 69.3728
144.915 18.3255
102.288 42.4225
106.122 144.311
187.47 190.343
206.215 38.6465
81.7069 129.345
0.718415 44.9888
15.9701 206.79
48.782 153.583
108.969 52.7706
76.3195 30.8567
7.95835 5.65411
91.6889 133.517
32.603 111.438
104.775 158.75
179.43 67.8293
162.368 8.53894
206.238 210.76
64.6694 16.0001
166.881 119.956
166.208 80.4986
1.69016 175.319
175.267 44.8172
39.4717 19.3973
180.263 41.7689
172.003 153.742
191.332 52.4566
101.247 66.3764
184.622 71.0633
101.281 79.2298
86.4454 35.3334
10.2213 32.3562
7.12859 148.791
66.8663 123.979
79.7405 72.0284
85.1209 201.427
102.775 45.7386
117.273 104.969
104.848 95.1348
143.097 97.0311
107.94 136.297
137.558 146.248
57.748 16.6873
99.3184 208.772
102.26 166.543
158.312 4.19924
153.31 94.3791
67.711 164.351
15.7391 72.2497
77.6613 178.21
15.2048 191.359
96.1529 132.044
118.468 32.0969
94.7827 127.152
11.7318 33.1414
45.0279 164.114
79.8723 48.3816
167.485 188.612
21.6404 175.869
97.4197 134.152
192.221 156.262
183.36 139.342
50.5923 199.012
195.063 181.275
163.6 121.613
149.385 108.254
158.885 166.082
15.403 135.773
181.457 60.4243
206.282 84.9242
15.7397 137.505
79.0891 55.8384
88.8659 76.1148
22.7619 101.066
46.3235 76.2863
134.273 93.4083
172.554 185.422
82.981 136.492
139.443 34.2763
84.4528 56.5104
93.7032 38.675
170.775 133.159
203.311 81.6523
116.315 142.857
101.454 194.39
120.839 132.412
109.639 136.973
28.9518 204.076
153.794 90.4074
154.507 205.67
188.824 153.146
172.845 130.527
1.23445 81.5164
207.848 177.649
91.9701 184.184
193.561 176.142
131.584 91.9509
107.742 181.594
36.776 192.297
104.651 190.992
24.6485 196.208
6.07315 65.8622
84.5868 86.2364
75.048 207.218
187.734 87.2897
195.558 154.835
56.1257 58.3679
115.361 165.918
170.663 42.9441
20.8011 206.905
155.108 44.9833
80.6888 4.48135
141.635 100.38
129.969 112.095
26.8272 178.138
44.8219 7.21348
181.477 149.469
101.447 8.87389
166.825 145.828
129.251 75.6473
176.694 58.0864
201.093 31.5817
161.637 37.364
80.4287 75.1422
170.608 1.01421
149.487 123.626
161.534 96.5561
191.102 64.3408
112.945 118.583
132.841 156.757
98.3204 31.5047
42.9778 59.1848
151.393 33.755
17.7314 1.59051
0.578995 199.363
121.188 192.15
157.187 127.405
193.689 15.8145
151.594 36.4539
155.042 57.7941
191.529 47.2248
122.789 151.536
104.445 1.32575
46.8338 205.054
92.6178 15.6007
105.955 158.595
43.5808 134.203
100.712 140.237
30.0553 97.0524
175.87 101.575
189.093 87.292
14.3026 150.827
200.792 24.8907
105.726 1.31211
93.745 175.862
92.175 102.498
157.96 155.985
77.1888 14.2404
201.534 36.8949
103.605 54.4658
120.153 81.7231
29.5826 104.829
15.7654 32.3441
205.144 191.994
210.483 193.874
70.164 34.1598
45.7581 33.8175
205.397 114.864
49.6014 37.5377
171.69 5.66468
210.622 42.9626
25.4853 94.3534
180.924 14.0536
53.8668 70.4079
116.749 160.047
118.222 198.94
159.219 108.993
142.744 164.669
105.907 120.768
182.077 154.825
26.0777 70.0789
206.357 36.995
106.771 23.6279
39.6556 142.931
85.2623 72.8771
168.166 122.56
186.487 162.357
105.394 85.1648
89.1874 93.0065
37.5315 176.624
140.928 109.804
205.98 31.6265
207.084 40.1376
145.604 146.353
47.1691 195.016
80.5855 138.063
163.893 50.7093
54.323 88.7674
191.403 149.697
64.8732 102.643
186.806 115.685
98.2916 205.955
84.6003 172.401
157.03 26.4469
170.358 166.151
66.7843 83.1616
197.427 70.0054
89.5556 16.9036
41.0065 20.5917
84.4118 28.3865
121.809 169.313
202.967 4.65546
159.072 50.8495
182.332 145.336
129.464 108.503
5.54602 34.8944
100.853 14.0722
48.847 179.004
2.91355 128.751
21.3827 46.2347
101.238 161.442
5.5582 138.352
179.132 20.802
205.844 164.623
143.492 3.5704
37.7086 22.6793
176.363 52.4726
160.433 130.168
84.9667 177.999
99.7472 0.32737
63.4468 104.449
31.893 203.098
25.2936 122.237
11.2038 192.9
62.439 99.3517
56.7234 82.8125
158.244 184.063
51.1587 84.4795
53.7795 55.0989
26.4354 72.18
101.317 202.538
105.271 20.0427
108.035 54.5588
172.686 185.614
82.3075 28.2407
26.0525 176.627
145.788 204.741
169.906 71.3783
187.977 67.2087
149.554 169.901
92.1113 136.889
120.649 199.116
160.006 28.8699
170.049 161.805
176.311 89.1977
150.414 75.8119
136.033 138.492
175.3 117.778
23.3104 197.462
211.528 64.1877
2.2019 73.3288
112.94 160.615
4.48692 96.6663
164.257 210.224
180.359 25.2778
128.174 45.9051
82.7706 208.79
94.0177 52.2612
73.4121 16.2317
149.002 174.973
8.3184 110.755
85.7664 121.579
4.64179 146.702
26.8421 77.5777
3.00072 76.4612
178.457 36.4179
47.4122 9.6852
201.857 107.783
1.69693 148.164
96.8086 175.698
101.665 116.873
3.78677 52.7946
193.129 33.8475
59.1916 0.277382
102.314 193.363
10.8838 147.074
137.522 129.127
159.904 23.3482
162.743 29.0652
39.6957 188.476
133.607 10.6418
89.3605 71.8224
172.196 26.6788
138.171 2.40933
116.274 201.103
199.547 86.929
154.925 197.029
46.7956 59.481
202.384 190.924
68.2135 147.693
126.64 125.695
194.227 118.596
207.182 85.2785
108.216 181.153
91.6448 92.8592
155.998 196.973
13.544 127.944
206.587 139.947
9.87371 196.632
147.354 154.681
203.435 4.90177
154.993 39.1777
111.041 205.903
156.843 207.801
7.89275 6.35626
37.8071 48.9196
51.498 37.6235
177.053 123.72
164.28 151.228
147.298 61.9454
73.9995 137.838
173.592 54.2714
142.281 8.57483
139.187 169.805
1.87827 201.717
103.561 24.3049
129.057 44.0713
211.93 196.71
168.435 147.7
4.35727 54.2812
19.039 42.8376
16.9784 33.5699
211.916 191.498
142.996 40.2011
153.91 183.286
151.052 176.996
205.354 111.039
19.1162 54.1985
67.2899 30.1683
195.017 41.4652
113.615 97.1753
34.1918 152.81
19.705 61.1425
8.31248 49.78
137.189 155.796
31.47 27.51
165.11 194.886
55.6267 55.7085
198.926 0.0560314
82.2522 61.6689
34.1822 82.2986
132.214 127.031
175.752 160.143
32.4668 93.138
2.34424 21.1863
194.268 42.8146
119.75 168.927
180.303 160.086
43.3735 2.64772
78.8547 121.647
162.153 116.333
175.865 26.0666
45.6118 189.95
18.1531 62.1247
174.975 114.118
22.6736 167.588
169.122 147.349
195.681 70.1542
68.4073 181.22
120.62 21.7381
124.392 14.3089
94.2651 195.23
171.371 81.4032
142.563 52.8161
202.982 29.8022
203.376 38.6227
138.498 83.0006
111.075 109.55
7.78428 42.8008
135.16 207.674
45.6964 116.098
177.963 68.8978
45.7287 63.2692
134.897 127.171
53.9165 36.8034
145.761 137.879
3.87187 77.1905
5.398 169.188
127.615 21.245
141.573 14.8114
106.944 11.7701
141.476 164.514
47.0587 8.98257
64.1563 28.596
169.215 176.313
210.042 123.818
145.817 80.3176
23.6239 135.312
36.5991 202.076
42.1186 56.7033
1.31945 187.623
184.634 76.4202
193.581 42.3973
158.37 71.6564
183.391 113.081
198.779 123.521
17.9177 175.2
155.796 116.74
190.259 73.8909
180.851 73.9107
37.7518 120.346
64.4737 22.7136
94.4769 105.692
97.9187 53.2655
76.8273 102.834
44.868 144.445
192.952 73.6258
47.5135 99.6253
65.9385 146.546
187.554 30.4885
106.364 83.3016
120.582 91.5372
77.4865 141.522
77.0157 22.2501
182.313 166.007
46.727 120.891
22.1719 5.68061
61.6656 61.3012
33.5074 210.321
79.48 204.512
194.955 0.23758
76.6379 86.3686
52.3497 33.1218
126.883 172.265
76.6375 210.739
49.7995 60.7019
76.809 152.895
161.382 120.039
38.1702 96.7518
173.051 188.091
45.9589 52.9201
10.5744 172.865
122.737 59.4142
185.047 0.983927
75.6992 188.328
74.3369 29.0047
101.629 165.183
190.296 162.01
55.51 34.0805
24.0014 73.598
121.153 156.602
133.95 174.588
206.892 164.935
211.268 32.3739
22.8443 76.0321
131.082 175.475
144.727 163.952
82.8453 43.2234
148.826 79.9107
81.2243 168.095
88.6565 67.6624
136.393 182.491
132.317 23.8673
3.39501 44.0193
13.5421 21.9499
49.5323 72.1759
10.2961 90.1726
33.3868 174.171
207.304 164.035
163.615 36.4269
149.514 113.715
88.9787 83.3088
110.949 79.6771
67.2707 71.5783
124.589 119.127
77.183 31.4328
9.5623 73.0343
184.433 89.3343
37.9707 158.066
139.614 173.344
60.0358 176.636
202.016 61.676
33.6672 200.781
121.484 59.9908
128.941 45.9875
62.2984 78.579
152.739 40.4199
173.873 143.894
138.212 198.399
95.7862 47.4415
172.809 32.261
52.5694 193.566
24.0683 36.972
36.6876 15.4571
80.7928 117.8
119.475 46.1625
115.144 90.4447
186.156 69.9553
45.849 81.5117
25.5657 93.1532
15.2828 171.551
198.816 50.9552
84.2363 184.723
9.86524 165.937
67.1204 166.997
96.9552 94.7534
172.635 34.9758
117.26 125.076
2.92241 205.196
21.7203 168.151
61.1081 8.29167
156.858 49.6146
118.797 48.0486
157.185 28.5774
198.879 30.1712
38.736 104.935
4.97227 9.76075
118.831 23.5859
92.5206 97.5623
174.393 31.3465
100.057 107.349
100.491 46.4486
164.318 61.1473
108.077 98.555
140.311 14.4748
5.75689 161.46
83.1262 37.3767
76.4942 203.841
56.7259 16.8744
60.9746 181.778
73.5648 178.674
172.97 196.846
91.2306 38.3597
131.943 76.7498
162.126 187.877
125.165 109.11
139.27 85.4845
123.329 45.2161
7.4227 165.365
55.3663 78.8381
118.862 187.638
3.14757 110.142
210.761 42.3959
118.165 92.2317
126.668 26.0262
22.4639 156.534
194.728 117.364
185.349 120.73
155.896 100.124
207.111 23.3347
191.919 44.7943
98.7344 9.9921
156.855 138.471
176.609 180.499
80.5847 130.259
68.1221 145.864
27.7628 124.012
127.774 72.0748
211.579 168.127
145.987 49.1851
209.836 97.8579
40.5539 56.1313
181.954 157.198
44.191 186.649
100.724 174.146
102.474 158.826
208.843 69.4279
93.8282 205.494
198.825 115.404
39.8247 208.116
128.765 141.919
11.6227 113.538
2.24482 185.212
74.6997 24.375
35.4321 87.6188
44.7347 50.0249
145.816 112.665
3.5583 55.7307
194.138 43.4157
88.8182 201.824
159.384 190.68
170.615 156.188
51.9327 169.922
98.9021 110.425
155.41 164.356
161.13 199.609
171.277 35.9801
171.936 46.2868
135.171 202.198
20.6782 76.0434
59.7975 133.159
49.8884 6.4863
134.074 76.8565
111.714 209.312
34.742 24.0047
195.716 19.506
83.3265 157.319
93.4459 137.685
179.825 140.966
206.416 156.659
192.102 94.4787
158.602 74.9445
139.344 126.519
199.163 118.987
58.0362 166.401
148.835 29.8313
199.787 8.63765
17.2009 135.938
7.86895 5.55008
81.1773 126.451
44.5162 78.4156
58.0108 167.925
40.6345 105.361
137.197 202.62
100.047 47.598
170.413 17.428
78.9639 162.215
79.7982 176.722
19.3708 20.0377
78.7707 66.1753
41.9375 97.0495
115.761 134.722
40.9435 49.4672
164.673 45.5305
167.584 31.3982
44.8498 14.41
151.883 192.575
70.3636 70.0983
41.0798 76.8403
207.555 87.7029
195.572 142.226
13.7827 58.0091
107.471 29.3
200.182 168.253
176.062 140.176
57.402 209.897
57.4027 47.9505
107.916 111.92
71.5656 91.633
130.929 125.319
199.34 166.372
59.694 132.858
188.709 2.40742
51.287 138.772
201.757 128.359
141.439 118.958
150.992 149.869
108.653 131.461
128.629 82.9709
58.486 54.1962
179.719 95.4384
80.0451 138.374
17.5622 10.5449
9.2659 163.936
86.2968 182.142
171.723 61.1305
22.9853 167.55
174.162 93.6328
181.747 83.6338
118.079 198.68
112.659 162.043
154.869 107.431
88.1717 201.451
144.565 93.2952
96.9509 55.8845
189.349 203.892
24.7112 59.6507
185.013 57.0068
68.1639 10.8297
57.4141 44.3102
127.236 37.0387
62.9911 104.851
91.0504 65.8811
51.7408 200.636
8.80275 50.473
73.896 46.2827
112.145 201.695
23.6187 163.059
171.656 35.2861
144.939 191.55
63.2735 173.675
176.748 2.99626
166.602 61.7131
93.396 22.7151
147.901 85.5873
202.826 130.466
132.202 69.3877
123.788 63.9464
100.451 134.547
174.784 200.815
209.839 14.9599
35.0659 68.0874
60.1763 194.778
42.9156 23.1651
82.3151 34.7844
192.568 137.352
10.6866 48.1395
195.918 198.988
211.638 152.838
163.214 181.432
135.8 36.2878
206.889 210.741
16.3933 17.4414
180.846 2.64678
61.8099 91.1232
103.398 88.4826
172.08 121.991
181.941 12.8622
157.373 143.377
194.601 192.242
6.84218 190.113
144.924 165.18
28.1925 164.373
157.933 191.374
157.679 66.1111
139.509 69.3937
83.8538 41.1476
10.2526 57.6279
129.603 34.076
7.71887 22.4555
173.866 57.4921
204.114 177.704
83.1716 176.674
32.9565 40.3435
140.746 26.1839
152.634 121.765
33.5151 91.4865
161.447 14.2753
6.65722 59.7289
182.93 139.16
39.7523 103.981
159.137 147.927
162.963 39.9218
178.992 203.403
44.2501 138.924
76.1445 154.147
24.3851 49.2617
145.871 200.36
190.172 169.028
47.2494 151.104
108.759 212.002
157.925 168.136
58.4074 166.516
21.4626 157.452
12.7695 210.298
36.2515 58.7192
153.939 0.0888426
142.534 20.5291
180.388 70.6046
169.32 16.2737
151.156 167.148
120.206 60.6684
59.9306 27.4341
10.2338 204.699
116.73 28.2926
62.3264 90.4582
176.827 187.671
203.664 125.629
17.2642 73.9268
129.568 42.9901
54.8751 208.688
81.6658 80.0749
204.36 151.145
7.96644 56.3376
166.517 36.4024
27.4646 130.049
152.59 95.6492
79.5413 179.338
207.973 26.8024
168.365 141.563
38.9504 192.185
117.646 26.0785
110.167 139.051
6.91523 141.061
123.488 187.525
73.5521 27.1988
67.5958 100.541
131.551 192.36
106.379 2.03468
146.234 35.229
98.5058 55.5994
131.261 128.866
131.118 94.9577
137.211 90.3877
0.391344 74.771
109.386 14.9163
93.8783 35.1491
136.455 37.0716
72.0305 145.082
173.988 42.3249
120.681 174.28
117.071 26.5779
84.6005 160.467
168.761 87.5345
131.623 63.7629
112.119 34.5642
153.381 209.695
10.3533 157.127
18.6542 192.926
165.19 144.167
157.185 190.746
132.745 56.1028
203.999 197.456
154.242 23.466
160.78 55.0923
51.0389 188.283
26.2188 174.847
40.7271 79.1083
145.301 149.63
24.4952 183.102
172.059 43.6973
182.72 159.714
45.7309 186.269
53.391 198.262
48.9835 132.173
158.63 26.0943
195.403 37.2925
196.572 106.67
95.7512 14.1263
113.082 98.244
82.5197 176.588
26.9802 47.2566
59.8685 158.05
120.64 196.083
20.7171 17.54
156.624 71.3488
156.533 181.258
73.5518 140.677
74.1026 109.672
105.579 174.207
68.5547 47.0649
66.835 49.1184
63.9781 182.258
206.208 212.05
16.9559 159.685
31.0595 0.830526
117.713 7.31785
87.9405 35.7852
45.343 122.55
75.4726 150.934
148.663 199.178
77.7729 25.231
107.939 115.446
122.194 175.192
199.314 192.736
140.023 44.0065
141.054 43.9465
191.002 81.7761
105.002 14.242
157.131 105.677
181.481 166.343
188.852 56.4843
182.992 190.287
144.342 94.1119
30.4646 75.9023
119.867 93.1859
60.9658 61.4976
209.419 137.763
193.342 108.677
56.9699 23.6843
22.3009 149.649
166.989 187.654
97.0064 107.231
153.773 197.68
77.2746 96.3853
134.539 201.145
4.31951 144.743
78.9363 5.25177
37.0303 201.307
141.5 165.892
118.189 19.6414
56.1282 58.8398
64.6101 47.1784
118.465 46.9536
107.211 68.3893
17.8413 19.4641
125.771 50.416
160.864 116.384
68.3002 203.395
155.165 113.374
74.6183 21.7576
74.1367 7.94871
105.374 4.05055
119.595 124.162
79.804 121.054
67.2432 156.438
109.039 4.47512
104.92 190.581
125.481 186.913
161.102 192.659
38.0766 55.1437
132.63 15.6166
141.635 87.6345
138.752 188.429
38.0303 34.4372
137.465 13.4038
207.677 204.103
152.499 39.0386
81.3173 137.727
157.054 203.816
35.4962 84.5155
175.907 79.0329
21.2141 84.0989
50.1229 155.68
62.3329 174.527
38.167 202.018
99.8385 165.674
57.1007 39.3332
32.4965 179.701
50.7344 96.4674
153.19 61.6739
96.2027 157.842
23.9176 211.256
180.99 146.841
23.3745 83.4815
117.912 120.23
11.8519 187.649
22.2298 129.111
183.853 114.913
196.221 2.13826
105.353 137.966
112.905 38.22
127.939 12.1869
117.142 50.2198
123.462 206.215
36.0609 82.2471
50.9763 95.2419
178.504 78.2052
200.801 50.4379
93.2982 74.8277
45.5988 43.692
81.0136 95.6746
193.23 166.732
130.92 147.14
175.338 193.633
203.757 173.144
125.825 168.377
144.014 129.069
149.46 77.6835
138.611 182.083
3.02398 197.464
33.2406 28.4025
130.952 48.8683
160.14 56.3539
68.1412 136.436
132.99 105.993
79.94 78.7941
41.7057 26.5542
37.8409 55.6831
36.793 28.9938
188.437 195.847
144.428 168.096
9.45823 28.1989
122.585 204.141
202.944 158.783
31.4312 197.598
9.35113 172.947
76.5398 103.267
194.098 21.5265
61.7019 183.693
210.672 3.76465
47.8175 172.209
131.292 156.891
13.2749 188.703
182.751 188.986
44.0459 147.047
11.9594 180.908
177.156 18.5029
18.1403 47.2389
71.7747 11.0949
198.387 26.0325
201.885 167.201
142.567 77.1321
192.399 200.419
155.478 179.426
18.0873 79.2928
123.877 181.611
84.208 7.95816
95.7551 184.626
85.6 103.778
85.1244 96.6073
190.137 193.608
173.729 181.835
37.1026 129.67
36.2766 206.058
76.5353 38.4473
117.228 21.0191
36.5105 170.717
131.008 94.025
99.0216 111.346
170.82 13.1719
192.103 144.516
14.5399 34.7321
42.1965 169.772
137.791 16.7255
181.403 173.953
139.654 17.3876
38.0806 37.0165
86.6439 150.822
176.336 201.862
74.8638 47.9141
121.548 162.721
30.3937 189.068
204.759 73.2703
54.3737 17.9588
68.2404 197.061
105.524 42.2464
35.6234 102.576
141.941 142.418
54.2089 179.375
187.021 151.731
164.98 185.533
135.843 179.297
122.504 59.1842
4.8397 87.8193
36.2612 208.443
206.065 35.6651
144.035 176.817
55.457 208.726
156.293 51.5668
199.626 9.59094
85.0001 192.485
131.69 28.7948
24.0114 196.797
85.6187 82.387
170.954 149.472
170.492 61.5967
142.787 86.4204
72.1421 92.9164
184.959 135.599
126.115 173.064
130.335 101.824
178.987 211.227
156.415 9.81441
9.26476 192.783
195.187 176.823
29.7117 185.505
130.198 189.267
53.0884 59.4589
77.7836 14.2038
59.5531 80.1389
204.899 85.2091
177.602 76.3143
149.144 144.404
169.908 167.65
17.4508 127.83
105.242 183.632
83.2371 104.866
20.2937 47.0586
211.99 157.514
204.476 122.717
140.468 116.261
131.512 42.4676
69.2248 117.56
89.9108 156.991
183.772 133.785
81.6402 124.135
125.939 104.192
71.8626 84.8632
12.7674 167.201
149.857 209.249
167.542 203.939
187.713 187.213
107.453 155.335
92.6332 61.8196
154.604 24.0644
67.079 178.284
174.882 164.375
107.517 134.53
60.9715 195.094
181.178 107.31
92.0095 7.77515
27.5227 58.0984
101.7 198.669
14.6945 150.739
156.426 67.1119
69.1621 83.5558
27.7461 94.92
114.552 24.4639
99.7372 21.444
202.862 26.1894
120.761 200.167
165.561 58.9947
170.124 59.5597
35.6625 16.3578
3.66001 51.1674
86.612 57.2549
68.2125 114.904
187.092 200.835
179.193 45.0995
24.8242 209.501
1.98191 191.893
51.095 161.13
82.499 92.2817
8.78874 192.052
146.603 84.3623
203.223 126.918
183.785 35.5458
51.6515 184.242
210.037 159.304
193.346 172.96
55.0696 36.1758
139.982 164.498
210.305 93.7768
107.499 173.936
105.046 205.814
100.625 171.009
72.6661 161.155
53.7264 166.57
157.695 62.6924
16.4265 167.514
84.4796 173.088
28.1805 183.509
29.7452 170.309
166.213 29.7848
76.3997 196.857
171.018 18.2689
157.827 115.319
62.5815 205.316
138.988 48.6418
93.09 157.542
136.209 4.8356
90.4234 47.6986
186.151 123.895
180.979 34.7286
80.3278 99.99
52.4947 170.77
78.4209 128.779
47.3667 12.2833
148.515 95.6346
199.903 105.993
55.163 97.742
165.075 126.908
80.082 35.6852
187.323 1.68877
89.4917 50.4758
138.017 61.1464
73.3476 182.106
99.9733 68.8656
87.1034 68.5155
82.0729 56.3682
101.869 15.1432
211.494 6.13183
25.0648 131.843
78.8117 168.987
142.086 106.787
68.5322 144.329
34.6556 99.5779
97.1198 60.0499
200.385 191.706
153.495 132.516
198.552 211.651
104.952 12.0661
28.5785 32.6008
108.108 184.753
103.864 154.925
154.66 38.8686
0.980852 34.4547
57.9721 66.0212
187.291 1.04459
1.95687 168.063
189.581 166.809
149.875 165.523
178.026 108.154
32.3489 191.704
14.8085 23.0386
166.581 148.999
115.16 206.819
47.2995 42.9636
156.524 210.965
196.934 135.956
137.291 177.161
42.7866 207.826
148.793 143.284
75.6276 32.7801
197.979 2.39535
143.347 197.262
110.977 100.892
115.328 47.2272
112.587 62.6293
17.132 18.6866
97.4299 112.084
65.4127 117.654
128.565 10.9152
43.9554 18.2265
58.4478 2.25812
160.401 171.162
202.094 157.718
139.878 200.357
65.5497 28.0852
145.657 193.109
143.475 205.864
175.634 172.302
30.1277 143.8
18.2485 102.141
65.0369 98.8851
104.369 101.649
128.519 33.2525
123.326 24.1943
128.73 114.487
44.6335 165.975
82.9168 10.0572
52.4441 131.179
8.75525 26.8749
193.616 24.9306
126.63 1.09686
22.27 29.6456
83.3657 163.04
93.5012 114.012
132.42 179.68
23.9133 93.0793
120.736 96.9257
79.6621 2.37836
48.5562 16.6542
146.589 14.8238
63.9774 194.199
110.841 201.136
46.9773 170.269
17.8372 153.57
73.5184 46.2599
116.397 2.80329
135.947 69.4736
114.454 176.095
160.427 15.5255
172.288 188.264
192.053 112.941
144.809 31.647
130.24 97.808
152.55 153.539
58.816 151.875
200.898 34.2052
41.7704 83.9099
14.1024 21.3302
36.4515 36.3267
11.987 155.072
210.672 2.48552
15.4694 151.867
191.277 175.428
136.895 93.0882
97.2448 167.535
18.1481 18.9166
34.64 164.305
182.168 17.2768
103.726 0.0280868
113.61 146.885
82.3766 164.531
113.474 131.525
6.9125 164.283
58.8781 149.839
70.6474 97.0329
113.296 209.589
39.9779 24.7325
195.128 37.0999
79.3202 185.857
169.763 59.8623
41.742 20.5299
135.73 130.241
131.462 93.1763
93.5521 164.817
16.1337 83.3518
120.681 64.6708
197.12 197.394
147.918 82.1013
158.141 55.922
14.2001 67.1822
75.9823 169.079
82.7486 30.7008
38.8391 93.6897
41.992 64.8246
81.3316 71.1916
184.234 106.073
192.145 158.87
125.377 69.2562
164.944 148.538
210.13 169.629
30.4472 132.119
120.793 117.783
53.8656 70.0456
150.877 89.4156
187.607 36.6813
176.118 174.186
190.201 132.356
93.4414 83.7955
30.1107 37.956
184.528 62.1074
87.1649 128.151
27.8153 2.14655
190.756 83.9675
207.426 167.685
111.308 5.30631
79.2092 73.3694
204.175 6.69878
126.434 161.879
31.0985 35.4432
157.815 43.3883
91.6581 92.0175
22.4883 182.919
118.502 198.043
148.731 134.571
27.9097 9.41376
140.066 114.828
68.8662 134.454
128.945 49.0565
13.9459 39.2796
144.647 96.2754
140.032 112.389
138.174 119.212
117.018 56.7064
15.4355 107.078
120.164 160.09
204.589 182.614
50.7202 35.0247
111.843 69.5814
126.207 121.34
12.8968 13.5712
128.949 148.997
177.885 78.1713
125.956 200.65
169.296 164.101
151.352 65.2521
211.743 76.3361
69.9864 27.1675
124.144 51.4372
112.765 141.226
156.041 116.052
205.517 140.516
211.195 164.784
46.5098 143.101
182.01 138.198
83.8259 172.869
102.82 85.3812
89.4324 13.1063
152.245 60.7131
82.778 32.8281
179.326 88.0729
182.337 197.5
63.2394 195.107
37.8278 115.476
66.658 145.96
208.213 179.524
48.483 174.577
15.6449 173.584
151.423 43.5261
80.2397 186.119
144.272 160.128
91.1639 166.296
188.722 108.99
4.239 30.8364
148.647 177.088
45.325 153.36
209.217 126.251
106.503 16.046
55.6732 111.055
161.059 11.0113
178.656 26.076
110.904 93.0035
71.9181 134.485
139.609 124.968
24.8535 94.0698
124.484 94.3821
32.647 19.2478
50.9558 187.648
193.174 188.271
211.095 10.8358
99.9737 1.4642
103.127 111.202
64.2801 195.919
32.4229 200.399
204.885 61.7288
144.521 69.8073
77.2225 20.5664
152.139 39.1814
143.566 34.4184
66.785 179.138
24.0556 182.385
42.259 193.539
205.385 204.81
9.81175 182.268
172.197 150.195
162.331 140.26
86.4518 210.089
209.833 180.973
58.4472 68.3515
181.681 29.9953
159.511 95.297
91.6134 194.584
148.099 192.618
42.2273 193.737
57.5552 123.201
79.6386 40.9963
138.625 130.763
151.46 165.448
155.369 172.215
141.567 152.154
4.08367 9.9008
119.946 7.85016
191.909 168.734
151.999 143.837
195.174 15.2782
115.786 1.68583
143.54 131.352
20.0794 81.3557
105.121 71.4882
140.8 24.6898
88.5983 43.8505
95.5866 209.024
113.271 39.2251
160.338 29.0524
166.484 191.279
116.524 181.157
55.7483 206.612
69.4357 97.3304
188.492 130.804
202.555 163.044
163.997 47.7984
120.79 147.211
131.638 123.594
120.101 144.82
100.929 154.463
148.732 210.162
143.576 10.3072
94.2538 34.6664
104.551 162.606
101.268 70.5064
10.8771 142.406
111.875 5.58205
144.199 45.2137
76.4851 42.7391
113.191 204.035
107.979 110.816
68.7741 188.648
47.6293 10.2456
69.3866 110.229
47.9506 127.457
190.901 60.735
53.9534 66.8293
157.629 203.594
26.3985 72.0927
63.8654 75.9643
171.279 24.1321
127.896 15.6157
82.9435 5.75141
18.0687 73.4375
35.0237 31.0824
196.229 4.42817
166.618 13.5985
86.6493 85.6045
140.872 73.7933
9.23265 164.014
109.041 18.1541
98.4321 76.653
132.115 114.105
102.197 13.9182
175.178 81.2806
158.091 61.1132
64.8098 85.1302
97.3517 33.8137
50.4568 194.518
88.843 30.3072
178.905 149.417
30.8634 73.2837
150.678 112.334
77.8726 103.382
187.502 29.6881
181.157 100.813
146.136 82.4612
58.0478 136.529
76.4103 141.495
177.876 181.162
115.569 132.347
28.7473 170.486
202.136 205.538
8.51267 94.6482
159.873 47.6802
208.104 46.752
196.899 12.0996
114.185 66.9385
51.1766 210.706
21.3706 59.6052
118.881 168.488
191.864 21.9218
17.1383 13.0591
9.32244 64.6999
205.388 194.906
168.92 0.731312
119.28 28.1542
37.8094 185.089
104.405 91.3667
2.9021 101.606
127.703 201.622
153.451 109.833
152.99 125.035
124.119 177.148
110.478 145.484
145.573 158.487
40.4892 95.1939
203.329 132.301
35.2692 5.40165
40.5206 26.12
36.4739 204.502
122.748 93.1299
161.16 25.0584
22.5352 204.324
120.782 48.1945
104.869 100.725
77.1107 200.112
166.267 8.47385
88.624 133.698
19.836 108.88
120.173 165.56
7.52871 114.023
103.698 84.6275
33.1183 17.4263
116.212 42.4113
211.36 50.0315
98.1055 101.115
107.443 201.847
99.4226 5.1846
170.007 145.898
13.8459 166.167
171.765 4.04505
194.589 187.729
71.9909 132.934
73.4049 51.8877
154.608 133.076
106.535 69.7471
20.4886 27.0273
30.0459 89.3427
89.0337 137.785
15.6238 134.837
70.9846 66.0358
124.366 29.1267
29.6301 87.2753
153.823 125.476
142.288 101.777
206.274 111.589
2.78618 183.822
146.257 16.0773
89.8915 201.365
87.1809 81.4171
106.244 142.073
30.8268 49.2636
164.862 100.995
37.6394 123.055
41.5915 147.775
24.5067 117.941
154.559 127.624
82.2463 103.035
0.668894 192.304
29.8688 193.588
193.597 8.09618
50.0091 156.062
63.114 10.1236
166.257 48.6919
176.758 183.251
71.8851 171.338
188.844 158.899
89.8293 184.37
89.6748 90.5237
162.071 194.583
86.5356 82.7625
211.673 77.4803
106.718 52.4816
13.6533 180.684
101.91 134.484
169.024 175.796
138.186 120.637
170.345 185.602
43.9659 4.19587
140.567 136.328
116.828 38.0967
131.589 101.588
111.694 31.3303
13.601 7.44549
203.454 134.772
188.631 61.1551
211.84 80.5481
146.149 120.681
44.2479 120.1
179.515 89.0252
169.649 48.641
119.746 94.3198
152.723 147.369
196.206 173.837
50.9605 68.8223
110.105 78.8311
68.0476 14.8806
130.731 135.494
47.2311 150.88
179.016 141.463
65.0714 32.9498
129.006 32.2658
158.659 50.9069
111.047 8.36713
41.1357 50.0243
86.4265 177.663
171.32 44.2004
175.064 211.086
95.9387 72.4452
170.654 203.67
56.9813 57.4968
156.6 37.0496
183.416 69.1007
37.4415 144.141
35.1329 32.1677
114.739 126.427
95.6554 121.688
88.9131 146.612
10.4921 70.8141
125.358 128.208
155.068 79.4128
38.4056 80.9381
178.972 59.829
70.0282 131.066
169.105 5.19694
67.9785 192.125
9.86259 188.428
127.055 34.3998
195.649 57.9412
77.8086 18.3032
158.223 181.042
46.9366 171.285
168.354 157.554
37.042 33.6751
164.018 33.7031
0.873113 181.095
132.935 112.023
12.3 44.9051
65.2375 189.961
62.5904 90.7722
126.264 47.237
23.5655 64.8584
59.4376 105.873
159.227 143.363
55.6966 182.52
211.943 69.2757
150.673 28.9792
198.549 45.1171
107.62 165.179
2.22205 17.0854
182.388 197.468
210.888 163.435
198.093 111.66
56.1136 39.771
180.413 18.0291
56.3681 185.093
17.8316 125.676
77.6628 140.719
46.0372 12.2977
104.043 211.306
90.0938 92.5234
120.279 172.49
49.815 67.4909
142.808 198.555
156.719 172.511
23.2068 136.276
179.923 61.5792
15.5508 49.6055
88.6299 47.5469
154.573 210.881
135.321 97.5995
23.9014 190.738
204.179 46.3489
61.7622 171.899
110.846 157.441
69.0435 66.2527
23.3487 155.037
120.676 152.085
53.4718 8.52956
1.11428 34.7173
116.006 184.664
24.7802 41.4507
178.672 173.681
126.542 10.0147
39.0745 33.2552
167.353 209.484
157.498 160.557
39.9296 124.345
118.908 164.248
39.2485 159.785
59.1852 107.239
119.758 13.691
170.498 96.8101
134.683 121.508
113.601 57.4757
162.867 179.843
55.9994 203.267
155.208 81.842
79.7323 103.035
88.2292 88.5731
145.563 98.1959
2.38939 63.0149
110.251 182.828
38.7879 154.1
20.4371 200.375
182.714 200.993
43.0227 120.472
100.57 37.1374
153.07 30.4826
15.0594 139.286
70.5194 29.4141
187.094 203.319
15.8457 167.911
66.683 25.4839
83.6698 63.7038
166.438 108.585
117.871 156.831
32.747 41.1777
57.2175 63.3302
154.821 189.471
121.97 73.0908
82.1163 69.8408
73.4077 86.6444
32.9849 202.868
64.8771 163.571
139.848 80.545
24.1607 99.473
179.654 80.1161
124.21 4.57298
41.0524 199.467
163.109 196.239
10.5606 188.4
148.865 103.571
71.0276 81.5111
136.45 158.216
133.405 101.518
137.962 41.8794
193.74 135.13
208.669 29.5966
183.262 108.379
27.0553 53.8341
141.76 201.727
177.927 155.418
25.6321 132.108
48.7172 159.288
41.2658 74.9524
176.136 8.78521
76.0904 163.82
17.5605 107.041
99.3761 122.207
183.095 80.6171
26.3873 1.99288
13.4681 206.727
178.432 203.347
92.1902 149.371
67.4092 121.745
104.807 71.5581
151.392 120.422
117.683 147.719
189.011 101.399
75.8259 56.0548
53.9022 103.959
18.384 195.135
65.7923 177.537
208.689 95.6242
143.172 28.2869
104.794 117.846
46.6689 49.5611
186.587 123.106
112.426 180.454
184.752 15.49
155.675 80.4169
210.693 26.751
188.739 149.964
133.179 186.069
75.0665 7.16891
82.9068 156.19
193.88 204.698
179.547 178.393
15.6871 119.396
63.432 16.7558
60.7664 157.492
141.547 92.0699
33.2938 121.977
136.431 73.7646
83.7906 204.515
76.9122 114.286
201.675 100.863
147.911 194.176
90.2797 24.2334
195.038 47.6993
136.057 28.3859
26.509 79.4278
107.928 190.891
178.123 45.0668
20.7664 47.2818
50.0056 148.838
143.316 146.244
171.514 2.25057
170.653 122.309
46.1542 190.491
125.233 148.78
170.161 84.6045
57.9476 92.8645
59.9592 17.2933
72.5726 166.926
38.4112 18.4015
113.681 97.9951
13.5964 143.28
194.616 158.738
59.9292 60.0374
3.72336 149.604
156.868 182.849
167.392 103.69
198.258 120.089
20.879 19.2931
167.685 124.65
45.4112 61.4492
156.712 18.6479
5.8051 203.659
180.952 43.8324
130.482 156.238
40.6625 1.52478
209.08 151.673
129.659 211.487
78.4923 159.943
135.578 49.4259
117.417 4.66494
118.87 47.7509
83.7598 125.854
18.0794 204.332
73.792 100.164
70.0919 12.2819
130.651 163.074
158.604 138.754
115.8 174.813
114.892 27.8062
19.5814 126.525
175.039 178.192
21.18 207.414
90.0324 149.618
51.8096 189.562
103.871 73.2852
195.175 0.26533
124.496 57.1739
132.515 108.329
107.629 59.4103
103.077 160.241
45.764 207.987
133.9 122.064
187.709 24.3676
59.5803 5.31164
198.223 28.6922
68.7906 188.952
129.665 184.576
2.35878 20.2802
64.0096 24.2922
101.914 187.713
92.0712 144.275
130.392 57.7633
77.9696 95.6559
30.2486 196.438
171.683 192.5
24.3356 63.5439
32.0327 73.769
192.431 14.2208
22.3012 190.215
206.877 147.152
92.3453 168.812
101.876 141.362
148.881 124.731
198.618 45.1604
54.4796 0.396646
144.263 146.767
114.42 88.8899
150.472 125.747
68.6531 136.931
5.9071 201.086
211.304 141.471
68.5505 87.8056
203.396 143.246
63.847 85.6981
98.9191 153.345
155.737 44.5178
65.3324 46.9721
1.12441 164.448
126.91 101.917
10.361 26.8493
141.101 109.617
176.695 141.065
167.972 4.09031
158.034 127.896
8.02395 90.9235
37.4799 101.205
200.037 9.26358
66.2658 67.8109
91.2674 207.553
165.775 163.427
192.402 201.833
105.68 211.943
161.032 138.568
133.515 2.57759
80.1455 171.562
205.09 41.8425
92.6293 96.449
64.1481 194.736
96.2559 60.9797
124.807 190.157
157.354 201.517
95.4383 62.7767
25.3632 73.6311
18.4696 129.968
58.8416 34.6251
52.1004 29.857
159.086 6.6967
89.0115 12.4748
139.507 32.5583
136.422 203.71
166.848 48.1585
49.0032 109.756
168.229 96.5718
114.061 26.8378
73.8413 74.5303
105.313 155.759
18.9499 66.8517
35.8142 154.172
24.4526 51.1759
82.4919 7.52604
47.1907 209.135
5.96027 167.742
119.058 14.5274
22.5603 68.8114
136.25 133.39
192.388 57.5464
136.469 26.4788
121.783 83.6775
66.0868 98.2798
192.512 208.434
180.425 4.78241
73.9479 15.9341
82.8562 166.028
108.71 75.076
3.7726 63.4585
127.634 92.2872
182.939 96.8508
149.383 143.079
79.5733 164.425
115.121 123.732
59.7031 150.457
210.844 38.0357
62.374 99.1517
168.713 98.9905
22.6177 124.774
24.6856 147.19
58.4402 64.2399
193.734 49.9661
24.1535 176.17
188.762 141.68
46.7989 41.6744
66.4199 192.733
190.427 179.736
106.206 96.7017
105.422 180.584
157.881 192.722
57.9067 158.733
58.6429 107.467
10.929 68.9
73.0824 50.6173
155.557 124.501
207.081 151.461
202.871 178.321
70.8962 170.531
30.9654 170.381
154.118 194.869
119.457 179.495
8.57856 59.5537
11.4538 39.4091
160.018 143.645
41.6633 107.933
134.546 109.072
103.008 102.752
68.2892 149.011
179.828 79.9011
79.8793 187.133
62.1799 192.908
188.477 91.8471
109.432 136.229
205.886 49.2992
207.909 122.575
115.768 108.295
24.495 113.516
9.35506 93.6754
210.373 86.4904
208.326 171.465
171.425 171.256
176.866 30.0376
55.8764 148.015
77.4479 69.9974
61.8623 52.6968
34.3676 120.598
27.1904 38.1072
166.157 200.198
117.511 135.357
119.896 159.111
50.6283 22.1023
144.991 52.735
137.837 138.999
16.395 109.454
78.1859 148.345
13.6516 12.9992
83.1766 136.229
209.152 99.7879
108.832 4.72158
159.465 53.4151
139.284 182.786
126.353 91.0862
43.3776 149.753
37.3181 165.297
197.842 190.581
27.9183 16.7608
44.8147 119.924
145.126 157.581
38.4145 191.704
138.244 22.85
3.35319 148.307
207.201 89.5767
211.469 186.01
86.6158 31.1462
19.4848 171.151
159.908 95.7635
85.1357 135.811
197.019 74.1597
157.67 137.263
145.115 18.4541
41.0481 174.273
10.3243 68.3014
121.148 194.863
178.667 14.5538
12.9464 133.041
73.5253 131.863
132.31 170.486
96.2836 129.329
9.7457 148.708
106.903 189.56
144.203 205.328
110.062 10.4639
79.3169 61.2681
60.0705 18.998
53.7322 166.319
100.042 5.84238
98.3562 169.475
30.8179 106.75
23.3134 100.272
11.6695 158.881
97.9799 60.1939
1.07316 155.333
102.045 38.8396
192.382 177.597
135.315 102.012
176.059 147.032
191.083 112.108
18.6619 16.389
196.901 157.981
46.9504 158.925
163.88 32.7013
47.5997 183.992
37.6259 19.3134
3.1392 119.505
27.514 52.8007
19.413 135.781
29.3781 14.4611
33.2935 117.908
130.9 167.731
144.927 211.203
77.711 184.455
13.7885 87.3461
75.6425 64.1578
105.382 190.355
146.044 34.4241
76.5735 117.955
107.265 207.126
81.0533 33.5371
161.874 11.6126
56.1264 22.5349
203.181 133.465
189.107 179.91
59.3472 153.836
124.594 162.198
108.259 143.132
101.807 133.689
75.1568 207.775
18.5492 25.6777
36.7645 126.033
21.5381 115.83
133.563 38.3599
21.9807 158.195
62.7244 118.856
124.051 208.677
135.334 186.901
26.4877 126.152
164.406 123.748
193.774 208.781
44.621 167.676
70.7909 116.31
148.121 172.703
205.512 24.7462
26.7484 186.361
126.078 93.597
44.3611 97.698
195.522 163.184
83.3404 75.9973
87.556 139.639
195.339 206.13
177.922 37.9207
94.5657 150.932
149.344 132.41
164.089 138.611
13.3483 71.3542
173.499 104.107
95.745 29.1877
21.9115 34.8587
120.736 56.4225
108.744 80.0587
107.828 17.5781
101.792 138.887
104.345 170.823
60.8116 32.9917
166.437 105.44
129.361 101.152
89.5381 64.2625
100.398 100.497
134.317 6.35049
170.616 81.9057
143.353 45.0859
99.1915 211.437
174.553 32.2514
140.693 21.3104
172.918 87.4496
64.2341 210.667
120.468 68.7046
180.044 149.592
163.096 8.26786
133.131 127.063
98.027 152.072
4.92886 67.972
87.9879 68.0844
8.52206 203.801
154.409 146.235
39.12 111.256
195.612 201.631
49.2211 96.6983
8.9118 126.632
97.7663 1.38496
153.361 210.456
185.918 85.2075
62.0881 18.2667
46.2546 59.9913
10.1702 143.815
199.602 44.2427
80.3902 149.03
12.9964 168.465
55.8561 47.8604
55.7535 80.0517
61.2124 91.926
16.6313 108.302
105.269 19.4111
187.797 152.789
17.0521 89.202
196.916 113.274
114.352 20.0442
22.6361 73.3247
15.7542 186.551
67.3877 150.939
72.7375 79.7511
151.236 48.3879
127.755 133.992
171.974 177.313
98.414 124.994
195.89 79.1999
35.8971 9.56025
74.8042 181.566
11.7396 113.138
40.099 162.048
206.854 97.2508
191.807 161.063
15.7774 170.799
178.517 187.806
147.945 88.1768
193.509 7.56348
84.1349 97.9232
119.128 163.389
67.9269 152.717
162.623 88.514
12.4628 22.441
7.97631 164.683
60.4552 116.64
12.4165 156.704
175.084 25.1093
29.6316 175.061
84.2332 33.0347
129.33 42.9615
185.122 144.818
83.5458 37.4988
17.3948 161.13
72.5904 65.6901
137.779 58.4208
136.424 154.751
38.3143 52.1768
14.3509 113.777
62.5636 69.3933
170.381 15.3458
47.6771 47.6152
58.4911 125.706
167.987 123.197
7.07592 22.0653
73.0614 30.274
39.615 18.3404
45.2764 200.855
64.5256 43.0854
49.6216 39.0043
170.775 47.0308
182.533 65.5766
120.663 123.256
124.351 144.594
134.963 54.5172
97.11 201.881
21.38 73.7585
205.964 43.1555
199.973 170.622
188.839 75.6249
15.053 149.57
12.8237 49.2166
33.7319 2.07192
21.2658 141.757
65.0893 113.776
89.7026 186.625
24.7122 156.049
66.3527 39.4249
22.7472 126.145
120.168 209.885
53.4842 58.4323
20.2045 56.2385
41.6513 36.2642
205.864 39.0504
86.0081 79.7119
189.229 141.104
8.04954 139.053
96.6813 26.0628
57.7656 119.459
106.126 0.070709
95.064 92.6747
106.261 161.803
74.1465 89.0783
119.492 40.7061
107.466 18.8295
104.137 126.482
3.80796 34.8035
190.948 14.9585
101.022 202.088
143.818 136.197
174.503 147.703
104.035 123.896
40.4195 105.671
7.49552 201.819
54.4535 162.135
148.502 202.925
143.164 37.8025
10.1578 67.8142
4.17699 196.111
0.395278 54.2502
127.558 158.802
190.773 102.274
62.87 202.072
13.0408 168.592
115.781 27.6499
49.476 106.632
62.8283 181.534
29.8808 112.615
173.01 99.1902
19.967 189.575
54.7373 209.917
20.5582 112.431
41.5994 89.3649
111.549 137.041
202.972 0.914263
121.034 50.5475
161.082 151.739
146.752 21.3435
100.337 115.18
122.354 43.2052
159.265 167.81
86.9111 116.311
188.091 45.9635
101.36 191.919
190.398 84.4456
142.509 179.599
119.169 109.801
207.991 131.058
207.932 86.3439
89.1907 9.18728
90.5187 21.752
18.2358 121.13
57.3606 169.644
185.997 67.0816
85.7405 161.023
184.455 192.863
117.414 84.3537
30.0908 117.448
80.2038 53.1983
66.9031 127.589
42.1858 139.273
150.791 118.085
67.8747 115.477
175.585 119.012
106.471 211.644
187.153 203.327
200.975 37.2771
161.535 141.713
201.383 141.058
190.899 112.285
18.9578 6.68845
72.5381 79.3408
74.7891 114.58
111.329 110.076
70.7135 82.1344
107.736 177.861
9.04489 191.276
40.8441 31.8526
7.55987 150.158
193.739 107.736
116.134 3.95888
33.8063 145.939
173.458 13.3925
177.103 89.3566
206.424 16.5286
100.82 198.261
91.376 77.7992
50.7636 44.0622
13.9287 14.9321
199.014 80.771
30.3836 128.177
12.5548 182.348
163.7 162.201
61.7259 51.19
151.568 94.557
83.3369 14.4054
1.07324 165.22
71.5052 126.217
153.094 179.389
10.1167 73.1157
151.515 28.3515
27.9669 101.743
87.9436 149.103
163.603 192.765
168.772 39.3447
47.5388 99.8769
90.8527 2.08881
42.1468 176.587
31.471 37.1353
120.26 164.518
4.74181 149.443
147.035 162.221
210.345 196.578
96.9901 90.4879
199.128 30.0342
26.8989 164.439
111.098 165.275
153.996 69.7126
55.6788 80.6513
173.251 42.9079
86.8462 56.8896
87.8312 138.099
53.7612 1.4399
21.3452 155.191
0.0922157 22.2306
203.546 163.134
145.047 183.302
67.3571 97.3546
137.392 178.491
13.1205 60.1489
2.03798 133.061
156.277 97.3427
111.004 206.188
79.983 109.807
41.0997 153.275
135.752 79.656
95.1449 173.227
92.0423 78.3837
101.675 72.9182
80.9998 177.366
15.805 11.6207
87.2569 31.096
48.7683 126.513
56.7622 102.384
115.288 206.666
58.3398 124.724
140.708 184.568
80.0291 27.6832
197.204 6.90959
109.212 116.672
195.391 67.4521
150.294 143.248
47.8393 93.3038
12.1348 150.32
201.414 123.597
158.777 136.854
163.834 58.8443
201.069 205.741
72.4556 110.614
86.9473 49.3344
20.341 45.8083
81.0631 14.8686
86.556 40.657
161.987 122.415
170.908 155.578
98.4678 174.525
85.4613 138.979
66.228 9.78439
103.016 181.652
61.8838 37.5645
182.332 151.545
83.6304 50.8845
163.271 200.611
159.513 178.115
132.648 12.4961
135.54 137.555
161.485 165.362
3.85814 59.1623
33.656 81.0591
17.7424 82.4759
37.4559 101.597
44.9871 48.7637
5.90941 45.0724
104.101 206.143
87.1015 14.2802
167.593 82.9312
4.99574 18.3365
139.26 122.508
69.723 38.9335
123.662 83.6831
62.5751 124.651
61.8489 68.1488
74.6682 87.8212
183.319 12.654
129.103 73.6614
27.4326 179.962
166.336 106.882
94.5991 17.5623
138.663 210.523
170.364 157.673
16.7663 173.063
119.765 22.1652
119.995 62.5432
148.678 58.4319
160.814 115.569
59.3118 172.802
100.885 122.767
93.2338 65.4171
46.4447 110.706
28.9817 201.794
81.9008 111.469
121.057 16.801
84.6958 72.2109
90.7621 90.0459
57.2475 153.992
133.282 121.334
128.327 134.01
165.957 125.924
93.5626 85.8251
50.9565 154.226
178.36 78.2696
121.933 3.88881
169.474 126.331
135.657 201.695
107.795 80.6625
55.7451 211.034
146.159 207.484
95.4525 53.0027
195.121 192.806
99.5986 105.363
157.799 169.421
197.152 49.4462
21.0171 69.391
149.727 4.1143
99.4698 194.292
147.711 17.1033
193.254 35.7363
27.9168 128.857
116.157 142.105
34.0493 160.319
152.147 112.199
120.904 30.768
51.3834 79.0452
163.467 147.268
80.7393 79.9384
55.4209 102.367
25.4078 168.652
145.046 204.128
27.5103 172.774
144.566 22.357
85.1389 167.943
192.109 46.4106
209.901 138.898
54.5669 167.464
149.13 159.566
200.102 151.302
13.6909 109.087
53.7242 16.5873
28.5526 38.0776
131.458 96.7253
135.45 126.325
121.204 51.5178
198.936 134.883
186.937 90.4023
62.5004 5.03329
87.2445 35.752
67.4422 34.6358
99.5957 69.1259
43.9305 204.594
200.476 115.165
76.8993 158.37
161.61 172.569
43.5477 13.2366
41.0959 114.993
5.12618 95.283
95.7547 36.9896
161.548 208.476
100.818 145.364
142.939 210.725
179.084 159.192
76.702 193.795
47.9421 3.14999
92.7668 94.0301
101.765 99.732
26.28 77.6752
134.211 152.399
89.865 182.915
48.0828 2.92323
170.054 31.0721
182.28 22.8376
147.553 112.409
157.503 109.654
76.5537 85.3778
22.7148 179.567
163.674 83.8624
25.9246 51.761
147.667 40.4275
112.619 37.1892
108.583 69.1036
8.36779 30.2309
26.1752 43.6952
0.889569 158.172
27.6038 192.503
140.836 186.545
24.3348 9.3941
142.942 113.075
161.306 92.6438
166.391 203.802
207.597 153.738
121.166 85.6301
8.07269 52.7913
154.174 17.4007
112.845 33.6714
107.808 5.72247
197.315 158.882
125.934 61.103
98.547 13.0522
121.75 180.004
42.6283 139.915
210.526 51.9818
197.278 195.46
83.6185 198.329
168.901 3.3232
153.339 184.473
19.217 37.6461
71.3958 122.042
154.456 141.845
167.199 16.9642
59.6103 36.5435
156.348 51.9309
99.6121 25.7958
88.6744 124.135
23.5502 112.344
199.886 137.448
48.8466 143.834
111.578 84.9576
68.0289 30.14
37.8668 117.865
25.8803 11.8705
150.39 179.529
142.094 176.07
71.1437 82.1019
6.51812 52.4454
101.546 66.1547
133.255 175.738
105.418 204.259
155.373 94.3299
40.8006 124.171
29.3896 201.898
134.064 201.548
102.639 206.345
208.751 45.4174
84.9431 62.6599
52.4546 176.443
15.7631 26.7652
6.11769 25.0228
67.264 106.787
86.7534 114.928
21.8 177.248
7.34984 57.3607
195.599 125.824
140.696 52.8713
36.4776 201.565
82.8634 5.30405
110.322 56.725
153.824 101.511
182.439 45.2451
48.5551 110.829
1.23802 89.4275
184.998 131.662
170.868 170.051
130.91 34.0792
75.691 85.0334
137.882 127.904
187.59 175.663
75.0986 139.715
136.726 200.776
192.593 175.645
58.4781 144.018
38.3573 157.2
123.034 35.6856
183.817 142.834
133.439 13.937
159.001 122.218
131.866 46.8105
24.024 84.5163
178.03 191.748
59.3878 143.597
99.195 51.7074
108.102 159.986
149.164 44.2897
208.299 104.782
84.0202 186.134
145.074 41.0838
129.719 5.01063
127.871 136.172
90.286 69.3026
140.83 162.004
28.1563 18.2356
43.8352 22.3619
102.92 87.886
89.4047 181.27
41.2639 169.635
140.967 145.955
25.492 52.8849
190.858 120.105
31.0979 113.73
43.2239 80.1369
149.435 112.635
27.0359 143.656
170.149 201.543
21.5027 124.501
186.917 118.1
129.295 113.419
96.9138 22.7964
44.517 144.096
23.4562 51.7316
81.0217 129.308
189.622 52.984
55.1659 39.427
63.6491 178.763
190.562 168.316
66.8259 15.7642
177.312 202.889
125.564 134.597
204.19 200.013
21.9592 146.189
61.078 32.6931
6.88222 152.875
65.25 170.292
171.858 62.8229
45.2888 15.516
64.8276 76.7983
9.66591 79.3173
1.74634 190.979
49.8884 136.044
99.544 182.774
13.2183 38.5508
123.663 11.0421
82.3564 148.922
26.2339 75.4768
200.405 68.9005
69.4042 39.1083
81.2746 34.946
42.455 54.6618
160.314 207.171
41.8405 185.032
73.6334 49.1132
70.0004 155.067
43.3201 116.532
8.24134 4.26838
40.3399 100.243
125.549 194.462
174.709 53.51
170.575 48.5262
176.831 109.712
48.1383 102.404
211.261 81.4266
143.123 31.7081
174.846 72.178
118.859 119.922
121.374 68.7626
199.586 48.1247
161.459 38.2075
134.394 192.435
116.192 114.072
160.964 204.722
168.385 81.9193
129.08 25.1437
188.529 13.7641
8.23592 45.0546
4.6682 189.72
135.811 131.631
194.978 202.591
45.9716 54.946
106.57 31.3281
97.6903 93.8969
8.56039 0.599254
177.716 90.7325
64.3689 114.759
180.836 18.3112
140.774 71.6787
182.87 121.726
201.884 175.347
183.807 34.4628
4.47222 14.5498
205.589 205.93
21.2013 68.8508
37.7165 61.6856
30.994 63.9833
194.939 150.597
5.03941 22.1846
16.282 158.306
111.74 96.2026
136.398 59.9544
187.17 82.8727
203.436 1.97502
130.119 139.788
108.028 172.238
63.1793 80.3103
71.5348 126.689
160.02 31.8813
72.5897 108.242
89.7176 132.456
63.6954 206.498
114.149 190.961
66.7248 188.889
169.868 85.9829
183.757 152.265
57.3426 2.38215
172.738 138.165
166.03 70.3597
110.527 84.8546
65.9713 68.6957
99.167 197.182
160.789 205.544
67.853 167.484
126.312 179.363
188.054 25.9443
8.00131 141.102
179.55 162.588
8.07455 182.332
20.9135 120.553
166.406 194.222
67.0217 94.8449
63.3028 88.2046
54.1025 47.8816
115.746 5.83124
0.51674 161.505
130.528 154.519
192.498 71.5194
81.5098 197.388
97.4716 142.953
205.579 190.852
57.6552 192.032
148.039 183.898
79.5621 45.7543
209.912 109.454
208.654 117.516
204.859 51.7145
90.1999 51.2156
203.03 47.2635
184.463 119.045
152.935 169.988
1.34985 187.562
39.3045 189.687
77.9899 26.4034
208.022 20.381
162.861 91.8924
137.717 62.0355
87.8111 180.746
155.126 181.901
64.1636 25.8129
31.1039 179.572
197.354 74.4619
5.13735 9.2646
82.1927 87.1871
68.092 193.546
208.146 86.485
191.609 94.197
123.446 119.916
96.1571 24.7037
36.287 188.914
134.882 121.148
146.114 139.136
84.7717 0.717471
171.239 75.9923
120.842 22.7893
57.9847 31.3779
180.268 189.215
2.80881 47.5831
74.8506 12.5007
18.7751 98.5817
142.673 78.0632
156.673 209.82
201.151 68.1469
87.4544 202.844
104.656 154.511
57.6769 164.658
86.8078 108.528
167.054 33.1105
83.0006 148.826
5.73726 21.1438
126.469 112.552
31.6725 35.2261
116.496 19.5563
91.3352 16.2693
187.527 84.4354
105.107 70.4696
72.2368 46.6057
16.4891 55.9504
153.564 181.249
11.4274 125.329
205.891 51.9137
55.4561 58.0455
164.879 102.582
96.7523 66.1692
185.737 46.8104
11.5443 97.6015
25.9939 63.7403
82.1183 95.853
171.272 71.4599
63.2815 57.0078
94.8615 168.503
43.1038 178.576
185.132 94.2563
193.635 176.23
199.665 210.71
30.9411 145.506
22.6644 0.619108
122.469 1.87545
178.829 128.354
96.113 22.958
28.4232 198.313
143.541 73.928
51.5625 192.271
120.015 157.129
109.069 154.526
141.098 57.1485
48.1416 175.402
150.064 41.8775
86.7753 121.617
137.442 37.4407
91.1094 104.103
132.196 89.2578
10.5356 153.606
38.9078 85.8346
178.847 142.166
153.278 198.692
126.361 24.1614
178.266 36.5448
63.5965 161.317
148.675 76.5837
189.18 102.301
42.3093 44.0075
35.4297 205.035
81.4004 201.055
39.0318 162.769
54.7306 22.4442
189.992 206.943
194.535 135.59
171.086 45.7923
183.323 24.4253
158.04 178.304
14.4208 160.039
185.005 193.934
120.289 160.604
150.006 63.4181
54.2722 99.4999
125.899 75.309
23.959 101.874
43.0281 118.919
126.78 196.497
199.487 9.62337
212.094 139.619
160.987 62.0787
183.393 14.4863
11.7383 122.385
49.6037 132.191
117.443 32.5414
109.684 28.3186
52.6586 114.353
9.41874 98.4458
74.6393 121.688
182.492 188.127
125.17 18.6331
118.698 143.377
81.722 197.172
71.4461 108.662
114.797 76.7606
170.061 101.337
119.623 206.066
26.0035 88.0055
166.976 135.175
5.7944 144.478
27.5904 17.188
71.5868 25.4994
28.9331 169.868
169.661 177.35
109.937 196.308
182.046 53.523
47.5972 194.105
196.559 198.91
135.93 171.38
125.74 203.222
193.632 197.436
13.3634 2.7013
148.375 32.6495
99.8388 171.556
4.66235 1.86606
193.599 128.313
25.2098 102.728
177.551 2.92965
134.306 128.976
6.78043 163.47
64.8221 55.5846
159.325 71.9891
137.362 45.686
147.431 172.872
167.207 207.16
4.80584 146.315
80.3169 14.0196
31.8234 133.554
90.7707 49.9684
144.65 70.781
14.4917 21.7826
13.3901 80.3314
6.7461 76.2444
141.571 112.637
34.2363 167.579
91.0817 39.1642
194.379 95.3781
80.5899 203.162
13.6646 135.112
169.385 113.03
6.07271 75.9585
12.4083 15.566
22.4455 6.78788
195.299 14.1221
129.576 145.105
41.8581 135.985
146.521 178.805
203.857 33.0015
78.2057 66.0224
130.133 105.91
161.233 64.9016
101.414 201.364
95.3018 183.109
188.942 63.7653
29.0595 101.308
30.3693 85.0793
140.027 202.493
109.814 53.9343
118.197 2.09413
174.594 40.0018
175.028 196.751
76.1954 100.933
106.304 84.071
142.471 157.534
98.8091 81.779
65.1302 43.1484
84.0995 94.9798
39.3577 99.6464
24.6442 19.5546
25.427 2.56467
32.8076 20.8694
155.653 134.902
168.983 86.1662
144.757 69.0532
192.333 209.068
202.429 139.239
174.608 0.175925
160.302 111.32
107.811 75.4256
168.709 183.793
182.02 13.3362
104.629 103.655
45.9744 8.99639
64.4219 159.338
70.8545 74.0196
69.1793 125.51
37.7866 96.1908
15.0847 11.8436
72.0492 136.723
3.86575 112.259
0.208292 156.941
109.713 180.585
155.122 103.105
85.1817 51.5835
35.6339 152.396
184.397 62.1419
48.9672 25.8818
34.1512 123.175
6.37967 2.48811
126.115 57.0548
205.93 164.006
114.907 2.99028
209.148 99.204
101.515 185.901
206.182 98.3815
59.4865 41.2622
51.5689 11.3513
192.465 117.421
92.1657 73.6734
127.43 140.205
99.0971 33.5733
108.512 74.5402
10.2158 53.8177
125.967 161.435
2.83451 95.7802
119.125 7.63047
191.318 160.908
45.6719 155.912
113.455 188.361
79.7419 131.268
92.5336 12.6138
142.911 86.7186
127.418 85.1802
111.459 151.804
139.971 25.2578
16.4856 56.8506
19.9841 98.6799
95.3436 160.826
20.3967 142.569
77.281 138.28
153.734 89.7719
119.023 8.22052
115.67 197.802
93.6991 22.7419
19.6693 34.7333
182.395 53.4868
87.6927 71.9729
173.174 158.166
121.865 156.209
136.869 20.4307
116.478 1.34233
139.644 40.0554
194.508 10.2244
182.075 180.25
75.5436 51.5452
75.5183 70.1595
166.765 72.6764
177.408 46.5652
110.221 30.7959
56.1518 180.743
102.462 70.1283
18.4439 199.112
112.745 67.3146
166.578 152.231
137.214 76.7753
149.551 177.669
81.0352 32.9778
76.9316 60.3502
32.9399 31.9108
143.55 15.2266
155.416 58.2651
182.215 188.859
150.494 98.4761
189.996 88.6894
186.199 53.1038
53.7584 26.5189
33.7067 50.4933
4.58148 198.455
58.6164 142.596
75.1823 7.35344
59.6623 34.154
71.0008 175.337
96.1047 114.965
120.856 114.298
112.864 187.156
112.232 177.897
101.904 24.3715
58.9566 196.98
63.7014 178.637
50.3435 187.382
85.4565 69.0582
180.415 148.324
168.707 3.52832
92.2659 191.005
31.8392 36.1412
165.797 51.9742
53.4403 4.19042
60.3025 171.005
192.03 115.496
129.323 197.198
159.7 180.139
34.0818 198.84
178.5 191.604
36.1138 66.5996
97.7728 114.861
184.673 90.1911
91.0464 90.0022
200.948 45.9828
28.3273 60.5003
157.161 29.4745
42.8161 57.3629
136.79 120.09
11.2844 190.501
117.418 81.651
5.64881 181.867
204.1 94.7001
50.2247 206.2
204.706 55.7772
82.4157 24.8854
26.1175 172.859
187.311 101.817
192.538 185.847
190.396 205.06
45.434 128.11
48.0751 185.115
120.698 98.1113
64.3441 60.539
194.54 134.339
156.369 173.203
93.5751 43.7066
45.6872 42.9196
210.952 45.9554
199.871 125.178
187.245 54.7221
173.937 205.016
28.8159 140.86
7.4889 197.546
52.3854 13.6248
203.105 144.321
28.0317 51.7653
21.1718 165.273
144.158 211.053
205.817 113.971
128.753 32.0943
72.1913 158.548
165.911 58.8168
169.34 115.852
52.483 15.3035
60.5608 140.534
46.2222 88.069
31.8293 152.212
0.0879933 89.1754
77.5682 210.069
34.281 175.381
137.659 123.471
70.489 107.461
73.2794 58.8285
98.4111 68.6133
98.8258 36.0248
147.919 111.072
93.1499 104.78
192.376 43.5402
162.861 165.463
32.8062 124.75
132.59 103.548
65.4142 65.3107
83.5586 42.7695
9.17011 77.6346
9.58222 41.6415
17.936 187.077
96.8803 201.893
185.511 20.0846
117.03 120.157
210.509 164.537
144.592 15.8069
187.394 161.845
177.583 191.486
161.236 71.2384
114.393 75.4736
79.2284 170.483
79.9485 106.359
44.4472 31.0564
12.0662 93.8866
34.3127 71.8669
177.713 104.114
205.882 208.46
5.79319 147.314
180.826 10.2494
65.1959 97.8898
46.0313 211.262
57.6846 1.52871
190.559 136.091
136.948 189.391
74.6012 59.2668
62.0608 165.595
45.0781 132.294
72.758 39.4864
191.671 52.2403
69.6708 15.4911
92.4639 17.7732
30.2702 139.229
49.0822 202.589
19.9977 101.546
80.6896 178.34
46.6673 144.757
123.503 114.203
81.1848 40.3102
109.371 161.607
8.50367 198.307
3.00953 146.496
128.324 59.3982
189.804 114.923
42.8481 51.0072
14.4129 23.4792
200.191 35.4897
127.589 177.254
76.7373 14.8626
98.5946 114.077
178.741 197.927
7.11744 204.837
145.605 119.537
117.387 49.6259
20.9835 123.115
88.0775 16.5588
137.111 90.1291
193.821 139.094
31.3907 12.1099
139.405 102.856
115.914 4.92797
60.0084 163.689
180.485 183.196
188.432 70.4132
209.667 110.9
15.8193 196.106
141.923 180.438
87.4851 44.9972
143.262 149.166
88.4443 71.0779
118.83 143.385
51.8358 22.9244
12.8804 198.952
18.196 158.09
93.7491 27.4632
126.301 210.73
64.8586 116.181
146.465 207.9
168.655 1.46055
33.205 21.0492
78.6023 186.502
33.2053 208.675
63.6775 28.6494
84.7838 99.7438
65.97 185.586
113.114 4.76198
119.836 38.7726
32.174 8.14178
99.9157 14.9841
101.386 185.34
115.712 53.8224
110.304 192.146
42.4019 70.8198
70.1168 166.671
96.1479 187.552
64.6624 179.247
66.5718 174.048
123.013 47.9554
137.837 82.4644
19.3965 148.03
113.478 82.682
91.2174 163.47
137.02 10.6094
41.5601 203.036
14.848 188.448
147.356 125.353
151.586 141.415
211.189 105.25
33.2611 85.4709
101.782 8.95224
116.515 82.5567
40.2345 101.454
4.841 113.526
81.3485 2.02348
175.353 138.555
94.3772 85.7939
40.0006 83.5148
63.7682 165.572
112.667 68.3087
13.9477 190.137
123.085 130.882
187.567 127.713
23.8944 191.841
85.3967 22.2931
36.0046 160.773
98.3633 66.0874
174.245 18.3834
28.1161 121.018
175.565 91.8648
73.4501 60.6931
179.425 149.696
167.363 57.9052
82.7556 164.321
186.292 50.7592
102.901 181.975
190.776 84.998
151.97 33.6739
55.7898 123.221
116.806 152.06
57.5443 49.3089
40.7114 6.69646
29.9713 135.364
211.029 116.227
48.0298 197.332
127.781 127.587
181.012 128.37
135.891 90.7456
202.032 9.31165
48.5658 124.461
96.0904 94.575
78.1234 192.06
177.217 24.9131
67.8207 8.93418
52.3156 19.8997
112.857 78.063
31.4596 180.229
64.7375 13.6673
41.7138 182.872
28.9023 57.3706
135.203 8.08333
110.643 52.7228
176.888 109.655
130.269 133.485
191.202 158.97
112.786 78.2337
91.3381 122.217
9.32496 132.112
19.1793 107.303
142.619 45.3365
115.882 131.687
159.348 172.674
54.1474 174.137
182.497 117.993
164.213 125.619
23.0143 147.977
111.55 79.6206
11.0082 157.51
152.792 151.494
4.15991 51.3724
67.4585 116.541
26.8806 46.9926
18.7922 64.1316
184.951 173.567
148.389 158.039
143.283 65.3098
191.922 87.9056
171.161 145.324
116.956 4.41005
186.849 163.188
187.266 115.868
87.6423 202.894
157.919 168.631
36.4691 65.2492
83.023 97.7918
197.563 48.154
81.253 103.888
97.6741 77.5884
187.595 137.274
160.816 25.7124
80.1859 31.4544
84.7972 41.7149
175.2 205.65
123.94 196.478
28.3297 72.3108
90.9988 28.0677
40.8661 43.1093
195.782 131.753
89.437 204.006
15.8162 185.978
151.486 94.1278
156.126 119.529
64.0103 97.7048
116.185 208.634
43.9524 76.2298
208.498 175.094
164.137 206.033
189.971 105.691
139.095 138.346
41.6406 105.584
79.5779 40.5624
123.262 205.245
164.815 189.309
17.1686 210.117
83.562 187.373
192.266 175.43
175.886 183.665
57.9586 140.094
69.6434 200.91
114.921 81.6654
4.51384 65.6292
83.2483 19.7816
56.6886 35.155
198.99 84.2873
25.97 207.839
36.2623 165.264
134.826 59.0636
184.928 21.9416
2.48994 42.8288
52.3328 55.7933
27.3769 164.324
68.9825 59.3343
156.013 0.218766
33.6685 110.668
138.111 194.367
189.479 44.6689
9.79433 18.5896
96.4768 101.48
184.246 119.478
20.1966 41.0783
62.6014 82.7901
205.463 168.437
209.063 141.495
18.3868 154.95
187.204 92.4538
81.4014 111.387
123.779 80.5588
87.0825 120.081
14.7018 148.721
117.83 171.634
171.671 79.4163
84.43 138.279
108.735 82.2162
6.94041 120.233
120.599 204.46
31.2123 40.1874
109.768 127.232
1.09353 76.329
81.3093 82.0899
134.753 95.1071
46.7083 164.358
209.474 60.5691
6.91305 112.462
108.097 10.5276
43.3526 69.9792
175.794 154.843
13.0737 0.843742
106.288 126.862
79.3601 138.936
115.45 142.812
209.281 39.0761
85.5471 71.3323
182.184 158.6
64.3528 181.753
202.418 157.998
191.768 116.541
71.3028 70.0003
23.2511 162.24
85.9527 207.313
170.155 165.569
210.926 128.21
109.238 169.893
127.263 209.051
166.96 22.3499
91.1466 117.877
70.4952 194.611
161.153 145.677
182.551 101.619
1.17024 169.179
92.3602 168.896
87.6999 126.782
119.565 84.6895
196.475 156.976
27.009 4.93476
126.294 4.40582
75.2361 154.833
167.676 70.3713
123.766 89.6145
46.3886 155.513
126.318 130.444
44.1431 98.6302
58.6212 64.619
126.996 91.7944
192.863 194.347
101.796 29.862
37.6804 92.2365
190.122 156.812
67.8969 65.9067
189.216 122.841
66.8401 155.204
163.101 50.4491
199.09 198.222
82.6483 190.417
111.73 117.104
151.234 78.5466
78.7127 144.94
30.4262 110.029
154.667 34.0584
38.526 115.812
117.396 193.49
73.74 211.941
83.6779 89.2797
115.554 101.66
49.5524 43.2847
36.0843 67.9442
185.117 175.661
164.909 181.218
38.1572 39.706
44.9657 114.916
177.894 136.237
22.9491 76.2637
191.013 51.0384
7.89106 112.03
30.092 41.4476
197.061 207.95
36.9276 9.11931
109.028 14.6987
157.309 79.7605
88.9971 30.1134
64.7786 53.4585
58.5269 155.105
91.0921 60.0205
159.755 191.531
146.592 136.395
137.739 90.7484
146.765 152.633
187.825 134.571
155.159 36.3939
139.275 96.6743
184.977 8.48264
185.334 33.6835
10.298 118.654
134.559 173.434
191.869 52.9337
72.6566 75.4085
140.577 16.9565
134.717 137.032
53.5472 60.5456
62.1612 57.4775
8.79712 146.043
45.157 9.28095
26.2313 198.611
20.0226 0.508091
88.2578 40.1794
67.7982 185.686
146.509 188.822
15.0727 85.4504
52.0745 192.069
48.1983 210.601
16.5712 107.644
58.035 207.448
88.7637 110.913
184.181 161.599
101.531 42.0078
110.039 96.002
93.3014 170.332
94.6214 107.583
67.0707 166.31
27.2369 122.672
126.805 87.9314
75.0184 18.2237
121.262 57.5958
87.1802 34.55
150.423 177.35
107.665 139.776
178.866 149.923
145.593 22.1862
72.8444 61.8368
21.7475 50.4462
98.2404 174.403
48.1317 32.2203
104.4 63.7009
139.507 123.592
190.153 103.013
84.4655 166.664
24.9596 161.531
145.34 199.441
48.7836 109.105
136.479 129.834
97 36.1857
19.656 14.8684
100.309 125.014
60.7841 120.088
128.424 0.00258996
107.667 113.078
28.9612 69.1811
51.2557 131.654
44.7411 0.464023
2.98277 123.669
32.8911 103.342
161.567 55.6423
88.7245 38.5138
172.434 65.7678
182.436 130.661
122.226 136.041
19.8437 186.57
115.222 79.9295
75.0215 120.965
179.198 82.9282
65.6626 5.30265
22.1335 197.375
111.618 55.9461
56.3504 193.16
74.3269 99.6464
197.61 102.43
124.815 102.872
158.931 136.103
2.85957 54.0194
187.597 181.28
72.202 4.01516
10.7885 122.391
52.7657 104.168
98.3542 200.443
77.0936 17.7032
164.538 60.2724
142.803 24.6766
177.909 206.8
6.28892 40.185
182.929 65.6851
192.687 138.314
197.562 119.182
11.7103 42.4639
119.773 21.1082
153.28 121.665
180.535 51.2846
80.019 176.152
6.13287 5.23029
35.0336 16.0194
171.274 81.0013
134.379 25.6576
134.71 52.1175
67.8618 95.8395
197.944 191.131
203.833 164.173
200.003 176.7
68.0494 53.3819
11.2217 71.1159
170.233 54.9464
156.292 65.4704
148.143 135.203
56.9784 203.151
105.688 10.2175
125.535 169.216
92.1597 17.1044
173.088 109.456
115.775 78.5986
131.103 201.097
177.818 30.1082
131.876 33.3751
110.123 40.4219
181.266 196.015
43.5437 83.2316
98.1887 194.584
208.788 181.866
17.7553 189.675
176.942 38.944
65.8266 99.6882
201.586 186.787
44.9878 45.5271
39.8032 31.9804
8.10803 47.4232
149.936 103.001
25.4306 209.524
12.7813 175.399
143.677 171.085
70.9992 57.7395
186.318 104.204
120.476 195.22
47.1042 162.508
177.027 51.9891
32.819 206.052
9.74695 9.30932
177.011 126.806
125.243 6.30732
93.2334 130.021
110.455 102.554
41.7593 162.781
140.421 120.523
23.0908 109.606
112.727 34.5077
133.285 19.4666
207.572 56.5484
87.021 211.424
81.0341 4.90463
116.621 160.411
114.439 196.009
2.09447 12.868
127.03 71.1736
17.0543 52.5093
88.4934 210.311
100.266 126.79
154.849 143.107
78.1358 79.5153
175.28 53.6319
126.809 113.855
154.905 68.915
201.578 206.707
155.148 65.3848
172.703 184.63
73.4758 130.973
43.9357 33.7542
114.375 201.205
84.9017 139.072
188.174 64.6133
15.793 138.044
170.673 153.408
12.072 117.674
193.911 200.035
191.936 28.1969
37.61 49.5226
186.899 77.7173
181.516 103.716
156.466 91.9056
35.0209 126.053
86.8471 190.228
90.0436 206.851
201.077 51.5954
130.478 193.61
59.6588 204.556
191.494 150.867
19.2432 74.7018
82.3802 146.306
74.3445 145.836
12.254 188.328
97.1277 19.7886
20.2856 109.708
127.761 57.5628
33.0953 170.671
50.2118 13.1678
158.57 28.7562
130.234 16.163
210.296 5.91027
120.003 86.0608
64.5353 141.076
105.911 128.05
204.312 107.806
6.61322 40.3833
147.433 99.3099
201.185 147.98
170.764 31.221
162.823 86.3839
119.035 175.239
142.925 191.288
117.607 45.0063
20.9699 59.3092
163.988 95.7462
19.4514 71.3837
55.5536 137.138
111.016 90.9959
49.7262 95.3158
207.435 178.816
200.969 201.765
46.1655 136.291
158.386 35.8838
52.4462 120.44
123.735 124.618
0.594868 116.011
8.36393 43.7299
99.847 27.3129
27.5 27.0218
5.97313 102.334
26.8122 59.6706
193.811 168.35
157.406 174.011
23.3787 183.468
56.5074 155.422
193.136 123.099
175.358 41.0011
2.45 147.959
210.552 166.257
62.4848 115.961
73.6303 170.922
211.606 83.7877
171.36 176.814
147.26 116.842
6.05899 117.334
15.0104 154.888
61.26 139.79
17.0824 172.492
81.3261 204.31
119.859 208.553
48.9371 65.8211
120.657 18.8379
139.966 78.4143
152.82 175.231
114.897 133.173
49.7995 55.0562
75.5266 195.242
65.1698 10.2468
181.723 12.1232
117.627 31.3649
145.778 54.5247
57.6612 167.271
134.45 188.106
157.627 164.153
146.402 40.9818
164.732 81.5837
171.893 21.51
146.747 208.682
207.327 149.096
64.088 194.164
143.186 108.986
66.5772 55.278
133.254 85.0016
164.029 3.51594
57.8617 59.9514
126.317 80.7828
33.544 1.20995
207.467 195.701
91.0215 21.5701
113.183 121.269
107.93 183.183
66.0382 33.5529
143.029 199.979
82.5344 17.0543
78.9473 134.536
43.2066 49.0827
127.179 80.1386
110.365 96.2821
185.341 50.7638
41.8797 206.527
98.9005 201.918
82.8957 60.4189
103.969 184.237
4.31914 187.447
143.809 2.48626
30.5192 59.9672
204.513 94.152
177.542 90.3782
205.261 21.1233
3.46767 134.851
164.599 104.786
3.55214 51.7229
91.4665 37.8485
45.6065 66.1131
92.6607 134.669
91.0207 62.8176
113.124 26.9748
47.0259 166.7
75.4473 12.3017
153.232 118.789
137.597 197.736
67.3257 10.2388
26.3065 107.73
122.046 209.013
195.018 57.3598
186.458 195.724
15.8048 198.843
210.359 120.042
96.4875 2.65637
189.78 56.3922
122.353 118.139
195.283 42.6915
148.712 116.033
145.089 174.735
121.55 34.0411
100.082 207.918
37.592 116.191
79.0195 201.418
194.35 107.969
166.749 206.902
130.449 87.0343
202.744 90.0604
130.625 99.3743
167.382 78.017
108.505 111.107
9.04198 29.0329
11.1093 53.9099
104.012 193.17
162.964 0.605301
122.517 109.294
20.9512 126.029
24.0371 4.2562
144.906 33.0287
96.0733 0.897425
78.1395 37.3207
199.882 160.198
21.9841 45.3443
93.2711 165.619
92.5491 153.103
4.75363 53.1845
75.8628 122.56
4.6336 182.914
94.5245 184.667
59.2733 143.576
107.262 69.2509
169.706 45.2084
30.7929 159.835
25.216 44.1467
34.6884 165.314
195.838 101.772
71.9338 21.9628
11.6757 75.4262
101.047 38.1523
66.808 76.9781
169.162 139.388
9.86772 27.8145
171.244 94.0076
0.17202 70.7429
202.43 128.177
72.5039 33.955
46.5054 2.88393
81.9897 169.393
70.7137 144.698
34.2346 111.485
201.923 116.166
144.938 58.7705
103.484 190.279
162.309 58.7797
95.3473 167.982
180.642 102.372
6.14076 149.263
51.1491 127.977
31.4183 20.8266
198.111 3.50256
174.003 146.641
16.7982 60.581
134.262 14.4289
150.372 17.5848
131.639 132.791
114.408 99.4794
33.0721 147.585
140.925 138.698
43.1427 144.193
167.017 33.5024
116.383 107.784
209.274 179.256
99.3836 53.9129
139.602 193.94
127.255 181.749
175.795 35.7964
32.3526 34.2352
124.599 193.045
63.1592 98.0992
142.771 6.78118
151.245 52.2172
38.5321 69.2534
120.757 183.289
85.4749 40.5954
66.4355 128.275
11.5852 96.2663
50.2875 184.031
151.751 17.5319
25.0427 200.55
36.4008 187.696
165.999 83.1325
190.492 208.226
87.0978 25.5103
187.372 139.012
94.9891 24.1995
207.619 1.95955
176.778 61.8124
15.7607 71.0235
151.775 10.3643
208.033 90.8457
176.818 148.7
14.0562 20.5233
157.998 137.549
160.282 133.841
41.6108 16.7314
212.085 204.072
176.363 145.317
72.248 153.541
179.847 195.257
57.6582 75.3432
134.583 137.299
177.56 84.3051
174.666 137.011
202.774 153.134
105.698 66.7065
179.837 0.805283
30.5173 202.135
61.4845 136.847
203.964 28.6334
159.266 46.9978
120.868 124.496
23.3568 206.6
181.916 43.4543
94.7245 111.362
62.5154 122.994
142.668 141.943
153.552 57.6018
8.54315 107.201
115.602 28.7694
173.123 8.92116
211.122 206.33
196.14 20.534
30.4134 180.002
56.441 3.77772
124.963 17.6637
136.287 133.934
204.499 161.73
23.8756 71.7482
140.503 14.3424
46.9088 172.841
59.1237 210.434
52.4533 135.007
164.852 16.8832
18.8952 160.632
61.3023 0.686999
128.167 116.175
186.058 82.555
50.8787 159.977
186.825 174.001
119.335 81.4579
64.0701 16.3652
164.083 18.3274
211.737 138.689
89.4109 156.743
162.583 33.231
26.2366 162.394
92.3244 66.4181
124.532 178.409
127.709 0.24937
114.066 211.03
124.375 201.787
33.282 97.7657
44.521 78.5163
181.956 106.946
58.448 20.7932
207.714 29.3895
189.879 65.4359
21.8323 83.6797
40.043 106.102
7.02251 54.4246
154.36 182.931
105.264 50.5504
27.7756 172.605
111.689 143.416
171.081 117.561
189.624 58.6139
115.987 101.018
51.1242 25.6344
81.8318 38.5735
154.818 163.936
175.767 51.7951
55.4033 208.76
111.682 153.193
57.4749 122.8
91.7053 120.789
29.3505 38.3166
74.7308 120.03
125.483 211.303
12.354 163.956
48.325 130.949
197.072 7.02067
160.259 184.39
7.95587 165.32
121.99 91.6368
144.8 110.361
206.699 119.269
70.0474 109.358
199.42 210.932
18.2232 139.139
77.1159 190.682
196.382 71.549
37.6639 69.6175
68.4506 190.507
23.4875 204.223
59.2886 123.424
34.4724 150.629
134.418 78.1669
104.809 33.5552
192.885 145.671
35.148 183.948
160.024 142.589
26.9038 40.3751
137.553 184.378
149.204 198.844
133.125 116.345
206.899 18.5354
182.322 100.673
191.131 41.3288
51.56 85.8385
117.659 62.2223
14.0832 141.156
78.9846 18.8213
152.279 200.212
107.129 92.0439
186.326 104.267
184.772 209.538
42.2879 181.127
59.5485 116.754
170.456 72.182
177.808 202.894
210.58 38.9354
194.72 146.726
133.553 33.7903
194.065 207.355
120.801 105.083
33.9823 132.601
17.8287 125.791
211.423 190.407
116.844 180.933
139.837 83.3527
97.8623 167.583
26.1761 173.974
107.892 154.424
131.708 201.971
152.636 38.9608
172.268 104.451
192.831 38.612
6.10412 21.5666
196.648 94.5397
168.279 73.7497
209.608 203.408
211.109 202.729
120.924 49.6698
73.2364 120.636
181.383 198.864
154.838 149.673
28.8501 17.4322
61.8918 105.521
195.599 103.585
118.807 9.93838
74.7319 55.9984
84.8314 32.0802
166.187 102.716
129.658 70.0871
64.956 193.39
1.29973 211.747
178.21 185.241
96.1753 114.767
191.398 84.7577
119.95 169.203
106.057 69.4529
53.7538 123.57
185.251 83.4834
19.7993 112.159
17.7413 142.423
137.485 58.8618
77.9201 190.447
35.8803 79.8577
68.5117 137.815
71.4151 88.3073
31.015 142.407
24.7411 178.783
14.7726 130.847
153.894 209.439
101.481 108.366
164.678 32.3155
39.6702 147.751
179.471 100.065
31.6836 19.1105
0.593047 206.994
144.581 122.502
68.7264 104.99
56.67 204.476
135.088 105.071
130.609 87.4421
147.19 182.98
28.8097 108.211
10.2155 126.548
90.0407 171.826
191.977 50.4508
1.78489 0.201681
162.851 122.353
172.706 158.61
39.1194 34.726
77.6308 124.518
137.247 165.194
61.0064 55.4871
24.2799 93.5496
16.5841 107.399
75.4482 185.85
0.580232 168.74
64.3328 103.542
186.016 171.404
80.1615 69.2888
146.511 169.569
38.3077 59.4002
97.5625 183.026
34.3936 62.5315
176.547 187.498
104.381 47.7945
153.576 32.733
184.653 88.4888
163.041 10.5265
116.621 195.296
95.2022 40.2708
189.3 155.474
107.716 176.583
37.0311 20.736
158.884 12.2734
8.20328 145.798
63.1303 131.639
154.42 133.104
156.417 86.4588
193.088 63.6881
57.5391 85.6127
53.0993 39.3333
190.311 159.632
23.2258 97.8859
80.4113 129.578
130.543 131.205
64.821 79.9676
147.745 24.3596
37.0619 122.39
55.3203 58.7439
123.497 137.681
56.3986 140.562
204.191 199.964
39.5187 142.484
164.608 67.1344
154.367 44.234
44.0968 95.5498
132.599 172.007
181.116 179.317
153.356 73.9108
154.792 63.0808
95.3596 53.1818
137.847 19.6729
14.6814 158.526
166.614 136.612
101.322 136.566
69.2364 70.4935
52.4474 0.994878
102.714 189.741
86.7076 98.3303
11.23 176.658
122.96 79.8548
162.59 78.9032
39.4256 15.3905
129.305 59.0106
163.047 211.567
153.671 70.2355
3.98576 16.5749
210.045 122.489
141.05 89.8755
68.5886 31.4033
196.616 82.1256
92.2064 4.42148
198.362 158.418
42.7519 115.11
197.122 97.7701
168.715 122.358
24.7906 166.668
38.4597 2.9201
43.7389 19.6824
43.9192 55.592
149.036 20.4212
14.2578 75.9569
9.74494 154.037
34.4504 125.674
87.5767 187.91
107.418 106.353
99.6651 154.488
192.401 190.675
130.249 157.163
175.471 169.19
65.6219 94.8768
159.307 116.78
45.1703 193.982
130.846 114.999
116.378 184.935
127.881 29.375
146.253 211.784
174.24 76.2
0.320444 139.326
42.5477 84.6288
30.8356 79.5073
17.9667 58.1158
154.967 126.505
130.064 146.637
88.5309 113.197
123.478 205.918
124.687 13.107
150.321 27.2606
49.0701 135.845
82.57 143.369
68.4191 50.3859
92.393 0.275518
101.657 177.561
155.76 141.83
10.9264 95.5515
67.9188 77.2748
67.5573 177.071
1.39992 155.634
6.65655 103.193
20.6431 150.898
144.319 72.611
86.896 170.501
75.6156 10.6093
169.484 194.568
36.0829 70.1649
87.1487 110.135
50.7936 200.524
15.6205 0.106061
58.6132 1.01355
113.305 155.522
38.3 160.848
211.997 43.4619
99.6043 174.497
47.5133 48.1665
33.4761 149.754
67.6067 128.421
60.8153 186.784
71.168 53.8097
37.0994 165.498
102.495 27.4324
208.159 181.236
75.5134 23.9644
181.234 52.862
127.318 22.4047
208.983 190.457
16.7329 127.97
49.3965 126.244
3.86483 111.954
119.771 37.1471
117.051 104.4
149.118 62.9855
164.637 147.311
81.1204 118.649
79.9345 148.854
196.851 79.6239
62.6084 141.116
91.7174 85.1298
116.391 49.3789
158.785 155.97
78.1443 40.0457
166.847 134.715
153.395 204.982
81.4458 163.542
162.986 22.7885
82.6595 28.6513
142.095 141.883
135.498 86.9578
9.97261 175.084
41.1367 5.64727
103.298 92.0775
138.496 198.483
100.517 33.0496
197.852 101.197
1.71105 188.988
118.205 73.8118
155.017 117.406
131.402 13.5197
173.381 53.5238
77.5284 211.217
28.0931 158.578
130.956 49.3554
94.9147 49.097
207.274 197.02
73.3114 197.929
77.3731 36.1478
74.018 7.12324
39.4068 102.921
165.524 61.1581
51.7887 153.075
21.4144 160.2
71.706 173.701
109.85 110.613
153.007 9.51357
124.113 135.472
56.6988 62.0793
165.424 195.64
100.041 26.1331
20.5797 64.081
184.055 166.289
6.84996 177.789
22.6216 163.917
178.706 55.1072
135.65 18.438
14.9339 44.5109
62.36 177.322
18.6666 113.565
16.6671 85.3598
197.306 155.123
170.132 19.8415
129.109 27.0967
141.569 14.8508
190.005 167.395
105.323 83.5921
79.7785 140.243
26.039 32.3706
182.609 205.691
12.55 8.43259
78.9891 157.717
86.4008 199.687
189.139 145.997
130.49 36.893
65.9387 3.01032
155.649 64.5068
30.1003 86.4798
199.296 20.8471
27.3027 178.075
127.621 22.1382
60.9084 127.549
75.3753 29.8227
124.431 81.2654
110.655 18.93
6.32701 31.4321
123.868 173.826
68.0428 2.94832
124.62 132.305
17.182 146.988
13.7531 200.949
157.984 70.2529
207.55 98.7546
160.943 134.808
58.8882 205.319
16.7434 148.214
67.3998 95.258
48.7771 28.7233
122.327 27.2908
137.4 3.0967
88.903 4.49697
128.91 68.7499
14.9248 176.725
69.3049 76.6377
79.5913 63.9167
46.54 62.5115
209.64 202.865
173.677 30.351
209.776 85.9979
104.762 14.5464
100.869 191.461
51.0468 132.355
8.59572 34.9735
66.9746 49.2197
63.1427 35.3713
118.798 94.2176
147.202 1.91233
150.114 184.502
92.0609 56.6604
180.142 47.7793
69.5697 4.04748
131.053 170.446
39.0121 175.826
192.092 183.265
210.73 186.38
133.62 54.9741
181.352 198.794
110.303 166.291
63.4202 162.221
177.725 18.4879
122.891 139.996
115.859 52.9176
186.775 41.3549
156.831 61.4622
98.9204 192.295
190.1 85.1412
45.1983 144.133
2.4966 24.2888
207.643 33.8533
160.04 45.0067
110.718 212.112
71.6457 81.1934
197.915 173.844
199.279 168.309
33.6335 18.2464
54.6552 4.96264
150.268 203.511
6.89712 62.1772
111.981 198.302
130.409 211.828
182.331 153.607
25.89 5.40128
3.07771 139.943
189.103 33.4179
138.749 9.18955
127.968 51.1343
165.94 179.936
168.123 42.7324
96.5955 144.401
88.8407 174.237
61.1373 20.4455
98.7112 92.4539
201.68 163.366
65.2357 49.9237
154.176 105.531
142.33 102.908
6.73751 68.3198
7.63579 139.962
20.282 36.453
62.1792 193.285
97.241 211.454
203.481 197.609
99.5961 123.87
189.263 126.663
45.9337 6.85937
180.588 65.3517
98.3651 181.203
140.065 35.0426
154.547 201.153
179.299 3.87818
64.8268 156.814
3.63632 187.487
88.9885 46.9657
63.7279 108.19
32.4194 200.817
123.612 187.429
20.601 186.406
146.097 196.45
47.163 147.993
148.651 24.1625
143.6 141.604
149.347 26.6693
140.684 145.404
30.0885 29.8557
106.681 175.741
162.417 27.1282
186.845 134.554
204.182 149.194
52.2968 45.3736
51.6298 143.938
30.1338 132.339
60.2885 179.954
189.842 2.17908
195.251 149.696
174.845 101.919
5.01631 68.0067
155.608 174.873
64.5676 182.376
159.657 162.798
75.686 171.351
140.143 129.797
145.956 184.175
99.0229 71.5054
72.3283 95.7094
163.356 204.513
61.0159 47.2349
42.0709 98.2275
141.24 178.547
149.437 27.2524
95.1662 43.9685
59.9711 21.5489
211.115 191.878
196.901 47.5329
146.724 100.578
88.5374 152.146
105.812 40.2396
169.862 27.1921
169.166 137.351
103.502 133.363
135.499 179.208
121.759 55.5977
87.5941 64.1636
168.714 46.6874
55.0493 63.4651
106.604 45.1299
6.25347 72.3903
5.50831 200.294
85.9699 64.0097
3.58872 61.214
75.2179 155.536
106.654 116.817
1.2916 126.046
127.707 105.061
106.537 176.065
83.565 22.3543
107.211 70.1678
157.132 107.503
129.788 182.106
79.2623 133.506
202.491 32.1323
165.878 8.50856
154.613 75.7382
128.057 187.849
