2500 2500
106.683 106.036
105.941 105.978
108.028 106.803
103.902 107.193
108.773 104.259
105.151 104.711
104.057 109.048
105.141 106.401
105.039 103.19
105.564 108.162
105.571 105.797
107.388 107.802
106.642 106.139
105.244 104.088
107.418 105.417
106.322 106.712
105.984 107.904
109.839 105.721
105.769 105.526
107.627 103.543
106.522 106.552
106.973 105.244
104.722 106.828
104.073 106.128
106.088 105.62
106.19 106.608
105.445 105.638
108.203 103.608
104.085 105.554
107.603 107.438
107.147 102.556
105.05 105.714
107.231 106.086
106.152 106.322
105.91 106.16
103.174 107.944
105.022 103.267
106.356 106.076
105.576 105.125
104.376 109.121
106.354 105.239
106.037 103.744
107.517 108.188
103.738 106.277
105.99 105.892
105.852 103.321
104.955 107.942
108.126 102.81
104.341 103.265
107.094 103.21
106.563 104.582
108.053 107.446
103.16 104.697
103.846 106.731
104.048 108.098
105.735 105.855
109.055 108.328
105.415 105.222
104.535 105.287
105.527 103.467
106.653 102.401
107.937 105.486
106.252 105.713
105.776 107.926
104.758 108.092
108.813 107.363
107.877 106.738
105.302 104.703
103.769 106.251
105.61 104.975
105.936 106.014
108.692 108.105
104.787 106.774
102.509 107.206
104.608 106.499
107.236 103.958
107.051 106.089
104.626 105.074
108.735 108.754
107.066 106.864
105.162 107.736
105.643 105.494
105.684 104.845
106.827 105.986
105.882 106.381
108.646 108.677
106.084 104.18
103.984 106.827
106.045 106.037
108.89 105.94
108.197 105.271
105.044 107.895
105.404 109.523
105.912 103.57
105.77 105.434
107.951 108.583
106.486 108.423
105.967 105.785
103.414 106.024
103.228 105.097
106.852 104.466
105.32 106.34
104.343 104.662
107.535 105.108
105.949 104.507
105.631 109.667
106.009 106.945
107.281 103.046
109.441 105.1
104.422 108.144
108.35 104.887
106.102 106.074
105.036 102.644
103.815 106.555
107.789 104.776
102.379 107.186
108.774 104.724
108.727 104.559
103.66 105.22
106.064 105.517
103.049 106.518
104.84 106.245
106.955 105.438
104.818 108.028
106.404 104.558
102.672 107.02
107.375 104.626
105.655 107.521
105.289 106.166
104.253 105.992
106.228 106.063
105.261 103.74
104.873 104.068
105.316 107.71
108.028 107.731
108.369 108.278
103.78 104.594
105.984 106.25
105.872 106.497
105.663 107.412
108.417 106.007
106.015 102.594
107.482 105.062
106.571 107.984
108.091 103.307
106.059 105.969
107.672 107.138
108.017 103.183
108.442 105.399
105.209 106.456
104.816 103.688
104.507 107.686
107.132 106.412
103.893 105
106.648 104.976
103.764 104.193
109.735 105.588
106.432 106.904
103.037 105.16
105.165 104.146
106.016 104.754
109.234 105.462
107.873 105.452
109.787 105.736
106.738 107.522
106.538 103.343
104.338 105.96
103.086 106.054
104.191 104.638
103.392 107.385
103.029 106.283
106.068 106.067
107.323 108.248
105.837 106.261
106.359 105.178
106.053 106.349
105.956 105.074
103.687 106.134
108.335 103.107
105.59 103.746
104.354 107.281
108.267 109.217
104.275 105.246
106.877 104.693
105.96 105.568
103.505 103.799
103.755 106.15
105.615 108.335
105.71 107.693
109.228 105.662
107.36 106.415
104.509 107.243
108.656 106.534
107.62 103.802
107.221 107.455
107.336 106.734
107.849 105.83
106.314 107.346
105.741 105.957
107.626 105.625
107.665 108.118
106.089 106.617
107.688 105.88
108.295 108.273
106.116 104.659
106.042 106.057
104.523 106.605
106.46 109.645
105.447 102.282
103.766 103.635
106.308 106.507
105.967 106.082
103.214 107.519
105.998 107.372
104.158 107.814
104.91 103.577
107.673 107.871
106.495 106.373
105.433 108.027
106.252 108.504
106.332 105.203
106.706 103.067
105.564 105.228
102.414 107.059
106.3 106.562
106.202 106.406
106.156 105.948
105.109 104.031
106.386 105.397
105.501 106.542
103.36 106.986
106.993 104.727
106.254 106.58
103.07 107.967
105.217 104.906
105.982 104.532
105.293 106.674
108.576 107.434
107.764 105.05
109.228 106.585
105.131 104.84
107.067 103.955
106.093 106.247
106.661 107.713
103.478 107.638
107.804 104.69
105.235 102.932
108.022 108.407
105.342 106.962
104.935 108.47
104.359 109.404
106.297 108.229
107.452 107.239
106.103 106.267
106.267 105.799
107.324 103.919
106.076 106.953
104.481 106.724
106.065 104.84
106.487 104.45
103.76 108.593
103.75 108.329
105.921 105.748
106.023 106.33
106.06 106.021
106.946 109.223
105.968 106.407
107.16 104.099
105.454 106.405
105.143 108.099
102.843 107.625
107.892 108.506
107.346 106.598
105.961 106.035
107.585 105.548
104.918 107.617
108.473 108.357
107.063 107.022
108.265 109.133
108.646 107.727
107.446 109.064
106.318 105.059
104.755 103.921
107.097 106.089
105.12 106.185
108.082 107.9
104.339 106.517
106.394 105.918
105.003 106.37
108.414 104.134
103.621 105.814
108.234 105.873
105.325 105.86
105.214 103.516
106.427 104.962
107.89 103.3
108.112 106.594
106.544 104.128
105.738 105.93
108.249 107.635
103.664 103.234
108.424 105.513
107.773 108.904
102.736 105.036
106.444 108.671
109.709 105.93
105.556 108.053
103.18 104.45
107.291 106.316
105.205 104.483
104.219 106.879
105.038 104.388
103.909 108.053
105.869 106.176
107.437 105.134
105.416 105.467
106.379 105.33
105.42 104.058
103.424 108.419
107.099 104.677
105.977 105.943
103.415 105.459
107.207 104.029
106.161 105.043
104.736 109.466
104.681 104.778
108.783 104.689
106.172 108.92
104.129 105.976
105.508 106.408
108.564 104.583
107.881 107.899
108.666 103.299
105.604 103.197
104.815 102.517
102.947 108.245
103.122 106.797
102.725 104.988
107.619 102.801
108.653 104.901
108.152 107.686
107.065 106.167
108.429 103.118
104.651 107.03
104.259 108.372
102.866 106.283
105.498 108.987
105.887 105.366
106.138 105.831
103.452 107.317
103.861 106.595
107.562 106.342
105.875 105.933
107.992 103.659
104.137 105.391
106.755 104.607
103.762 103.063
105.569 107.074
104.485 109.492
105.894 103.917
107.018 103.096
105.822 105.926
105.735 105.54
105.929 108.455
102.895 104.432
106.725 107.808
106.225 106.2
103.903 103.129
105.738 106.316
105.176 105.054
105.761 104.043
106.045 106.072
102.428 106.6
105.841 105.929
105.473 106.097
104.555 104.862
107.252 107.542
106.125 105.855
106.765 104.186
106.061 106.066
108.463 105.97
108.942 104.767
106.112 106.937
105.941 107.36
106.29 104.967
106.184 106.174
108.258 106.164
106.6 108.93
107.68 103.523
102.577 105.376
106.735 109.005
106.331 106.066
106.664 106.269
103.916 108.916
108.626 108.691
104.594 106.9
103.127 107.623
108.62 105.76
105.698 107.504
106.273 104.699
107.678 107.277
104.479 106.572
106.845 106.417
107.356 105.443
104.569 104.191
102.38 106.805
105.815 106.605
104.615 106.219
105.596 103.706
108.428 107.647
108.191 106.99
107.172 108.755
107.685 106.595
105.709 106.059
104.939 108.386
106.807 105.281
107.692 104.648
107.063 104.907
103.657 107.926
106.741 105.453
106.959 105.093
106.799 107.555
106.542 106.939
104.274 107.478
106.242 106.383
104.597 107.07
105.797 104.132
105.486 105.964
106.96 107.948
104.745 107.927
106.064 106.065
106.782 105.777
105.429 104.757
105.135 106.199
105.905 103.728
105.14 106.362
106.089 103.61
106.039 106.365
105.964 106.26
108.327 107.43
106.642 107.838
105.246 104.315
108.794 104.012
107.619 109.487
104.918 105.119
106.069 106.079
106.353 106.02
105.921 105.189
106.081 108.051
106.915 107.167
106.209 106.09
104.918 104.853
105.48 105.972
106.046 104.157
104.679 109.026
108.93 106.806
109.82 105.913
107.114 106.604
103.28 104.85
103.866 108.146
106.08 106.039
106.835 109.165
106.67 106.457
107.141 109.169
105.571 102.972
106.126 109.551
105.356 107.768
104.354 108.961
104.774 107.383
106.854 107.429
106.173 106.218
106.027 105.942
105.015 105.45
105.291 107.295
107.539 105.583
106.467 107.895
103.931 106.135
104.255 106.674
103.552 106.755
104.837 104.531
105.135 103.739
106.992 106.565
107.866 105.886
106.473 104.248
108.928 106.424
103.439 107.014
106.257 104.847
105.911 106.308
106.825 104.872
106.292 105.906
104.808 104.847
107.32 107.822
104.665 105.056
106.185 106.244
106.187 105.255
106.266 107.507
108.406 104.108
106.254 105.719
104.871 104.754
105.772 102.577
104.221 103.282
106.919 105.717
108.236 103.252
103.396 104.742
103.35 105.89
106.66 103.233
105.887 105.85
105.348 109.293
103.021 108.268
105.895 105.836
105.946 107.502
105.043 107.321
105.656 106.127
105.53 106.718
103.79 106.962
108.276 103.831
105.128 104.881
107.406 108.224
105.908 107.596
106.77 107.621
103.904 103.829
103.289 108.517
105.086 104.188
107.665 105.139
104.502 104.517
104.849 104.483
106.578 105.941
103.56 107.319
108.829 105.531
105.463 102.68
103.708 103.979
106.049 106.081
108.043 102.837
107.199 104.832
107.771 102.98
103.875 107.039
107.279 104.523
106.624 105.695
107.611 104.949
106.466 105.862
106.025 106.169
104.783 106.92
107.419 105.868
103.161 107.871
105.617 102.532
105.905 107.076
106.488 104.007
106.981 109.037
106.44 106.008
106.733 108.812
107.523 106.261
103.522 106.498
103.736 105.645
106.327 105.653
106.864 106.239
105.136 102.894
107.851 106.546
104.902 103.259
104.604 107.912
105.586 109.249
108.24 109.014
107.384 108.699
105.174 107.228
109.173 106.159
103.703 104.713
103.239 106.884
104.922 109.354
104.148 105.321
105.898 103.652
107.132 107.505
105.924 106.836
107.557 108.386
106.389 106.081
106.076 106.062
107.898 104.834
103.756 104.374
109.214 107.659
107.368 108.501
105.669 108.862
106.663 109.504
105.569 103.885
107.967 106.141
106.901 105.888
107.576 106.818
106.037 104.136
105.532 105.478
105.094 104.51
105.538 106.21
102.891 106.491
103.14 107.884
106.003 105.813
108.774 108.525
107.991 106.141
106.88 104.564
104.396 106.243
105.801 103.201
107.349 106.642
107.755 109.326
105.986 107.952
104.422 107.511
105.527 106.086
106.231 106.301
109.158 103.967
109.353 104.092
106.744 107.15
106.515 106.768
102.451 105.102
106.466 106.876
109.15 106.588
107.194 109.734
105.629 106.224
109.08 107.399
105.583 106.92
106.126 103.94
108.057 105.246
103.176 105.815
106.493 103.501
104.317 105.252
105.647 102.776
105.836 106.482
107.785 109.409
107.554 107.319
105.733 105.425
105.205 107.359
103.361 104.628
106.393 102.685
104.502 107.18
104.561 106.679
106.405 105.472
103.514 105.782
108.289 109.089
107.472 109.567
105.088 103.6
106.817 105.649
105.209 104.874
106.271 109.045
105.203 106.551
105.108 102.714
104.89 106.186
102.8 105.11
107.827 105.74
106.658 104.643
108.093 108.085
106.71 103.03
105.119 106.83
104.333 109.218
107.497 106.849
106.678 106.494
107.091 107.212
106.727 103.948
109.728 106.574
106.253 108.958
104.749 103.017
103.714 105.896
106.118 106.153
107.746 106.81
106.561 105.326
106.024 106.033
106.144 106.448
106.194 104.226
106.008 105.983
108.729 107.952
106.677 102.366
108.665 106.342
106.604 106.494
106.119 109.278
103.857 104.152
106.888 104.754
107.883 106.084
104.912 106.121
106.626 105.912
105.657 105.854
106.238 105.956
104.951 106.291
105.268 106.723
108.009 103.936
105.318 106.622
106.006 107.044
105.807 106.472
107.838 105.549
107.656 107.139
105.977 108.032
108.29 103.841
107.071 107.179
106.301 105.654
108.658 105.489
104.466 108.715
104.67 109.193
106.923 103.48
105.04 104.738
108.103 105.24
107.979 108.266
106.314 102.978
103.247 107.605
104.354 108.206
104.646 104.035
103.063 104.98
106.451 105.887
104.816 109.711
106.043 106.099
106.158 104.011
105.987 106.088
109.054 105.897
108.473 108.303
106.555 108.349
107.566 105.917
106.105 107.778
107.252 106.684
107.296 103.646
105.916 106.045
104.666 105.373
106.036 105.987
105.741 106.431
106.031 106.108
107.602 108.931
106.894 106.31
102.394 105.879
106.056 106.037
106.899 104.511
104.308 105.483
106.067 106.135
107.959 109.031
107.144 106.075
107.649 105.082
105.997 105.88
104.123 104.485
108.31 107.924
107.998 108.315
106.619 105.6
108.38 106.821
105.206 107.448
108.273 108.295
108.577 106.245
108.072 105.386
102.999 108.018
108.611 104.845
105.904 106.903
109.049 103.899
105.654 104.894
104.138 104.799
102.769 104.783
102.985 108.246
107.264 104.501
104.523 106.703
108.626 104.833
105.869 105.917
104.044 102.892
106.227 105.986
105.716 103.405
109.733 106.602
107.192 108.655
108.055 105.695
108.9 105.701
106.207 106.093
106.15 106.75
106.479 106.908
103.272 104.455
105.375 103.154
105.366 108.656
105.272 104.977
105.95 109.226
108.575 106.717
106.857 103.657
106.099 106.056
107.484 107.31
106.683 108.335
109.531 104.363
105.05 103.171
106.063 106.145
106.169 106.397
106.235 106.325
109.228 103.851
107.032 108.485
107.907 103.951
107.457 103.692
102.366 105.517
106.054 106.414
106.834 107.021
107.26 109.412
104.068 106.605
105.951 105.454
105.981 106.415
106.081 106.217
105.822 103.579
106.459 106.483
108.69 104.596
105.986 107.076
109.69 106.072
105.687 107.516
105.591 106.469
104.107 104.665
106.165 102.866
105.517 106.287
106.101 106.091
107.121 109.444
106.692 103.976
106.162 102.783
106.854 106.128
104.78 105.426
103.248 105.182
108.361 108.301
106.724 105.559
105.978 106.385
102.969 105.313
106.169 105.666
105.015 103.17
104.335 109.182
106.825 105.078
107.823 107.385
108.132 106.998
107.573 105.242
103.741 108.149
106.083 108.663
108.414 108.922
107.6 109.439
104.109 107.659
104.053 105.858
106.108 106.201
108.507 105.742
105.27 105.822
104.598 108.957
105.817 106.861
104.073 104.628
106.52 106.937
104.505 103.918
106.02 106.119
106.095 105.972
107.945 107.434
108.401 107.161
107.897 106.732
106.478 103.522
106.893 106.291
106.84 106.942
107.57 103.375
102.757 104.146
104.145 107.901
105.787 105.738
106.703 105.87
105.983 106.829
106.084 106.05
103.918 108.654
107.159 109.419
104.554 108.523
102.797 105.377
102.918 104.276
106.216 105.776
103.369 105.184
104.058 108.891
104.156 108.75
105.439 105.784
106.985 106.798
104.345 106.085
106.054 107.85
104.673 106.2
105.722 105.324
104.053 108.947
105.216 106.23
105.63 104.947
108.182 108.749
104.552 107.276
104.07 106.982
105.364 104.841
107.175 106.925
106.741 102.814
105.296 105.704
106.464 106.134
105.794 107.156
106.676 106.033
107.477 105.742
109.617 106.091
104.901 106.835
106.596 106.859
106.945 103.928
107.461 106.008
105.862 106.95
105.81 104.69
103.374 104.884
105.397 106.255
108.452 104.006
106.069 106.903
106.142 105.889
105.646 108.262
109.436 106.164
107.116 105.172
106.95 107.091
106.398 104.245
106.365 102.612
106.604 106.922
105.816 106.425
105.903 103.865
107.147 103.878
106.714 102.353
108.277 109.216
105.804 106.389
107.179 103.954
106.444 103.457
106.498 107.512
104.129 107.962
106.456 104.639
105.388 107.532
107.653 104.154
107.899 107.632
106.082 106.126
106.262 106.215
105.581 106.827
105.899 106.151
106.329 105.517
106.616 102.33
107.474 108.693
103.412 105.454
104.8 107.078
104.631 107.49
105.426 107.111
103.964 105.21
106.905 107.194
105.969 106.211
103.11 107.664
106.045 105.375
107.108 103.746
106.609 105.117
105.134 109.626
106.645 105.864
105.613 108.232
106.553 108.364
105.287 106.891
107.082 108.657
104.687 103.214
108.378 105.07
106.354 107.787
107.883 108.637
106.882 105.566
106.267 106.456
106.666 106.361
104.682 105.565
106.506 108.198
104.189 107.002
104.437 109.04
105.442 106.621
105.634 106.24
106.166 105.806
106.289 109.681
107.122 104.953
106.102 105.89
106.349 104.877
104.398 106.647
107.669 108.772
104.26 104.926
106.118 106.055
106.171 105.684
107.146 106.337
106.355 108.909
106.384 108.207
107.963 108.211
108.336 108.89
105.361 106.09
106.153 106.092
107.724 107.458
104.434 106.486
107.969 108.61
104.245 105.997
106.421 107.862
105.353 108.973
104.146 106.5
108.391 107.129
106.073 105.961
106.743 107.42
107.418 105.727
106.973 106.561
106.757 105.197
106.8 104.945
108.9 104.688
106.766 107.573
104.513 107.901
108.289 104.122
103.795 105.861
103.986 107.519
106.582 108.253
106.091 105.933
105.368 106.794
107.686 104.629
106.009 106.059
107.256 109.716
104.092 106.924
107.721 107.674
106.035 105.658
102.715 104.901
103.003 104.645
103.27 106.563
108.973 108.471
106.911 109.459
107.786 106.591
104.427 103.726
107.971 103.474
104.959 105.102
105.592 104.919
105.63 105.81
104.822 108.033
107.084 102.349
106.368 108.708
102.356 106.986
105.998 106.802
105.879 102.757
106.652 105.514
106.857 104.41
106.051 104.199
104.29 109.431
107.742 105.732
102.582 105.077
106.786 105.98
104.923 104.018
105.859 106.02
106.095 106.037
107.087 106.965
105.515 106.401
106.139 106.878
103.46 105.55
106.061 106.131
107.06 109.46
107.609 105.58
108.403 104.343
105.798 102.969
106.364 105.168
104.279 105.834
106.505 103.269
108.802 105.002
107.576 108.797
106.688 109.136
108.423 105.352
105.829 106.359
105.309 105.283
106.958 106.24
104.482 107.925
108.094 105.896
106.546 106.479
109.053 108.013
105.986 104.55
105.057 104.695
104.39 103.251
105.794 102.316
102.771 107.244
104.32 108.368
103.979 104.621
102.7 104.711
106.293 105.033
107.786 108.162
109.587 106.987
105.868 105.824
106.207 106.089
104.849 105.226
105.512 106.658
106.339 105.045
105.326 106.081
108.467 105.371
106.358 107.865
108.766 107.598
106.199 104.634
106.791 104.806
106.359 106.263
105.521 107.394
105.329 106.268
104.672 104.483
106.145 106.808
106.727 108.992
107.891 108.513
106.81 106.404
108.382 104.551
105.445 107.188
105.581 106.636
102.831 108.023
104.359 102.939
106.029 106.314
107.332 107.56
107.043 102.553
104.361 103.349
107.109 105.997
106.223 107.1
104.13 105.727
104.88 106.607
104.058 104.778
106.842 102.519
105.303 105.291
109.495 106.311
105.537 105.296
103.163 103.812
103.675 105.106
105.323 103.418
104.621 104.714
104.25 107.547
106.029 107.131
102.953 107.08
105.226 104.874
106.37 106.164
106.09 105.899
107.058 104.846
105.323 109.105
106.17 105.66
103.106 107.208
103.459 108.108
108.049 105.231
106.245 104.022
103.247 105.952
107.593 105.566
103.619 107.039
105.917 107.826
109.413 105.232
105.978 106.508
105.67 109.413
107.244 106.458
106.333 107.077
107.123 108.129
104.919 106.107
105.45 107.606
106.954 105.751
106.078 106.226
106.333 107.385
108.012 105.444
106.116 105.639
107.635 108.771
108.231 104.554
106.548 105.019
109.273 106.351
105.294 109.001
107.397 107.126
103.852 107.602
103.295 103.622
104.944 108.197
105.35 108.204
104.85 104.699
109.073 105.019
109.519 107.705
105.791 106.642
107.021 105.527
106.671 106.561
106.838 107.352
103.959 103.261
106.094 106.259
109.368 104.711
105.355 102.277
107.892 103.72
107.243 108.242
109.832 105.911
106.326 106.214
109.35 106.324
105.049 106.548
104.432 107.003
103.274 104.642
109.143 107.298
104.779 103.504
109.013 104.096
106.165 105.99
106.539 103.469
106.146 105.559
108.416 104.406
104.981 108.726
104.882 108.315
106.593 107.5
106.041 106.251
107.323 108.064
106.177 106.153
105.649 109.206
108.013 102.898
106.82 104.752
106.286 106.624
107.897 107.861
103.581 104.819
105.512 106.322
108.748 107.273
106.042 106.185
104.21 103.298
105.343 106.111
105.124 103.324
107.19 108.814
109.218 105.232
105.612 105.4
105.863 104.694
106.116 106.507
108.563 105.158
107.07 102.75
105.864 105.229
108.047 106.058
106.827 103.292
106.298 105.028
106.047 105.675
106.298 106.053
105.955 106.717
108.87 106.073
108.197 107.549
104.432 108.917
108.799 107.496
106.716 103.39
105.575 108.2
106.817 106.859
106.248 106.025
107.489 107.647
105.05 106.572
108.478 103.931
102.962 104.034
105.884 106.322
106.758 108.323
107.06 105.964
104.998 107.101
105.197 102.446
106.052 106.21
107.501 108.739
105.687 105.74
103.418 106.91
106.884 104.87
108.722 108.768
104.544 103.403
106.655 105.671
107.601 107.562
104.943 104.403
106.002 105.958
107.744 104.568
106.994 107.032
104.851 106.267
108.063 104.741
108 106.183
107.407 108.368
105.93 107.855
104.2 104.571
103.806 106.838
103.831 107.185
106.062 106.072
107.867 106.918
106.93 107.542
107.198 108.279
105.537 104.865
107.055 109.077
107.022 104.086
107.571 107.577
106.128 104.526
103.443 107.67
105.317 108.344
107.128 107.81
108.853 105.864
106.055 105.878
106.352 105.883
104.778 103.346
108.374 104.371
105.846 108.474
109.437 104.501
108.224 107.865
105.887 108.989
106.773 105.463
106.281 105.639
105.548 106.597
105.333 103.522
106.357 105.728
106.922 109.081
106.127 102.738
106.666 105.488
106.958 105.678
105.427 105.443
108.135 108.084
107.666 109.246
102.486 106.002
107.66 106.775
104.061 106.539
106.81 104.76
106.15 106.55
106.032 104.976
108.02 105.06
106.394 106.253
104.593 108.51
107.806 103.807
105.371 104.921
104.724 105.922
106.898 104.332
106.286 107.295
106.207 107.275
106.804 105.164
109.822 106.057
106.071 105.757
106.632 106.08
108.16 106.527
106.849 107.463
105.337 105.679
105.737 104.731
108.577 105.052
107.105 107.029
104.175 105.527
107.087 104.088
109.114 104.093
106.74 108.526
106.749 108.543
103.449 108.359
107.811 106.849
103.204 106.099
106.77 102.836
105.715 109.488
108.726 104.057
103.6 106.978
105.718 106.498
104.039 106.879
105.79 107.142
103.812 102.988
102.554 105.794
106.859 106.736
105.954 105.676
108.343 104.049
104.3 106.005
108.615 104.903
104.716 106.464
108.388 105.282
106.034 105.994
107.487 106.289
106.706 105.853
106.581 103.54
107.865 107.249
105.891 107.073
106.269 107.225
106.453 108.189
105.208 107.821
106.338 106.243
106.243 108.35
103.271 105.184
107.269 105.748
103.305 105.459
107.153 106.883
107.379 106.381
107.972 106.296
104.193 104.953
104.753 105.442
105.97 104.845
108.035 106.329
107.601 104.927
107.743 104.513
108.526 104.466
106.023 106.758
108.228 107.144
103.861 107.406
107.996 104.434
106.429 106.656
108.375 107.034
109.743 105.175
107.185 108.609
105.19 104.872
108.841 105.368
105.547 106.451
103.835 108.366
105.759 106.3
105.974 105.158
106.567 105.047
106.73 105.861
106.418 104.282
106.477 107.022
106.405 105.581
105.179 106.325
105.36 108.766
106.001 104.315
106.502 106.055
104.895 102.984
105.732 106.33
104.104 105.191
106.228 105.923
105.752 105.811
102.831 105.198
109.633 106.292
104.942 104.511
106.94 107.928
108.246 106.889
106.244 108.193
108.281 105.674
105.566 106.492
105.185 106.359
103.86 108.455
106.347 109.713
105.043 107.424
106.293 106.865
104.66 106.513
106.855 102.636
105.239 103.829
108.793 104.402
107.566 102.671
106.688 103.86
104.028 104.414
104.25 108.095
107.655 104.104
106.116 106.043
106.47 106.517
106.36 108.433
105.78 108.969
105.294 105.094
103.643 106.071
105.06 107.119
106.603 106.604
106.012 106.753
106.504 106.573
109.107 104.474
106.759 103.528
106.182 106.194
108.237 105.542
106.031 102.369
106.586 105.827
106.134 105.91
104.676 106.181
108.907 108.171
106.814 105.227
109.88 106.493
106.396 105.26
105.91 103.679
106.252 105.911
108.643 103.958
105.786 105.314
106.197 105.892
108.821 107.747
106.122 106.392
107.304 106.488
108.658 108.585
106.94 102.494
104.366 108.029
109.362 104.874
107.67 103.732
105.835 106.301
107.462 104.293
107.558 106.424
107.263 104.797
104.51 106.172
104.576 106.495
109.021 104.259
108.04 103.592
105.549 105.631
106.716 105.948
106.65 107.332
107.801 107.311
106.29 105.44
103.83 106.899
104.284 105.785
108.944 107.25
104.601 102.888
106.203 106.293
106.305 105.335
108.274 107.259
107.474 103.076
108.28 107.319
106.383 106.683
105.683 104.535
109.131 105.104
106.272 107.414
106.303 103.865
106.495 105.717
103.962 109.146
106.92 106.568
107.187 105.529
106.67 107.891
105.421 106.133
104.84 103.79
106.624 105.251
105.328 102.74
108.186 103.936
107.46 104.021
105.662 108.261
105.99 106.111
106.723 105.994
107.913 109.334
107.381 103.795
107.071 105.964
106.19 108.911
109.557 107.085
107.36 105.215
107.644 107.873
106.459 105.874
104.874 107.072
105.19 103.077
105.287 109.072
103.893 107.496
104.85 106.565
103.906 103.48
106.989 103.962
103.71 106.364
109.325 105.979
108.796 106.883
106.208 105.974
107.848 102.989
106.447 105.682
107.914 104.58
105.883 107.016
107.359 106.645
105.286 106.82
103.023 108.228
104.008 108.562
104.92 103.602
106.842 103.07
105.812 105.875
107.34 104.633
104.551 106.12
106.131 106.43
105.885 102.208
102.785 104.303
103.623 105.305
106.804 108.345
104.877 105.645
105.964 104.431
103.785 103.616
104.787 105.308
103.775 106.193
105.007 106.835
106.121 105.84
108.786 105.833
109.029 105.333
108.596 103.765
105.848 104.121
105.632 107.697
108.197 107.908
106.724 105.036
106.562 102.919
104.763 104.604
107.038 105.529
102.768 105.944
107.698 106.449
105.991 106.562
107.773 105.347
106 105.806
104.912 108.671
105.076 106.845
105.588 106.23
107.629 107.449
107.529 107.144
108.704 108.654
108.129 105.303
105.536 109.035
105.471 109.107
106.641 106.369
106.07 106.133
105.869 107.632
104.866 105.744
109.285 104.947
106.826 109.241
106.517 106.031
106.096 106.046
106.122 105.137
104.687 106.663
106.199 105.976
103.928 107.667
103.048 103.922
107.724 108.975
106.704 105.374
106.089 102.24
107.472 102.837
106.546 106.947
106.472 103.548
102.486 107.43
106.899 104.294
107.946 105.71
106.699 104.346
106.147 104.745
106.281 105.111
105.255 108.822
106.14 105.776
106.686 104.657
106.406 105.681
106.243 105.554
107.99 108.404
107.318 105.458
108.736 107.671
103.298 105.288
107.183 105.837
106.394 108.577
105.988 104.372
108.522 106.42
106.325 107.693
103.137 104.357
107.767 108.89
104.626 106.328
106.39 105.166
104.949 105.176
106.872 106.373
103.489 106.889
102.424 106.074
105.092 106.311
103.614 104.325
106.783 107.336
109.474 106.237
106.189 107.692
105.468 108.508
106.908 105.028
105.243 107.691
105.364 107.489
105.919 107.554
107.738 106.871
109.855 106.762
105.736 105.75
106.481 104.691
103.478 106.011
105.537 104.935
105.446 106.187
105.701 107.797
109.068 103.99
104.085 104.093
109.683 106.014
107.857 106.735
106.362 106.494
107.423 104.638
105.833 104.188
107.214 108.639
106.075 106.081
105.67 107.045
109.476 106.172
106.075 106.032
106.848 102.702
106.582 103.385
102.829 105.866
106.551 105.731
106.275 106.236
105.172 103.166
108.138 105.737
106.319 106.89
108.916 105.967
103.795 103.289
107.341 103.914
106.839 105.967
104.842 103.647
106.844 107.203
109.664 106.322
108.428 104.953
104.068 106.375
106.426 108.136
105.491 108.035
106.332 106.23
104.319 105.751
104.944 105.665
108.287 106.81
106.753 106.478
107.128 106.137
107.088 103.329
105.916 102.388
108.461 105.195
106.87 106.949
108.309 104.649
108.635 105.584
107.286 103.108
105.826 105.573
105.736 106.105
104.908 106.316
104.181 106.314
107.361 108.017
107.76 107.542
103.794 105.487
106.23 105.27
107.51 106.509
105.363 105.419
106.178 106.18
108.674 108.44
108.372 106.141
106.325 106.378
106.243 104.558
104.41 105.669
107.447 104.088
105.662 106.229
103.947 106.654
107.514 106.168
106.845 106.485
108.483 107.201
107.071 105.476
107.979 105.42
106.344 105.257
106.013 105.745
106.333 107.378
108.179 106.242
104.907 108.255
107.072 104.24
108.685 107.363
108.452 104.027
102.64 105.358
107.627 108.192
103.764 106.641
105.61 103.325
105.839 105.019
108.003 109.171
105.463 106.53
106.273 106.218
106.381 106.65
106.04 105.849
109.893 106.348
106.006 105.791
107.686 102.981
103.754 107.001
106.504 104.35
106.346 106.242
106.163 105.442
108.959 107.691
107.956 106.068
105.334 104.13
106.306 104.585
104.559 104.651
106.085 105.942
105.776 105.034
104.825 106.406
108.124 105.911
106.607 106.553
107.682 109.232
107.095 105.052
105.445 109.096
106.69 106.5
104.201 104.443
103.844 106.958
106.353 104.386
105.836 106.249
105.323 108.135
109.32 104.548
104.022 107.822
105.82 108.936
105.961 106.302
106.469 104.742
106.992 107.256
105.405 106.32
105.804 106.785
105.307 107.338
102.71 106.065
106.042 102.566
105.01 108.091
105.141 103.207
107.241 102.423
105.668 105.679
103.997 105.318
105.592 106.925
103.645 107.367
107.657 109.091
107.452 103.173
103.6 103.632
104.721 107.109
106.303 106.561
105.173 109.307
104.806 105.1
106.572 106.098
103.309 108.182
107.017 102.409
108.069 106.383
105.248 107.255
109.712 106.799
106.255 103.771
106.348 106.557
106.876 108.824
104.539 106.741
106.332 105.754
108.04 105.191
104.266 104.041
106.555 106.206
103.6 105.411
105.229 105.131
106.342 108.399
106.167 106.299
103.541 106.819
103.56 105.591
103.737 105.11
105.835 108.185
105.785 106.058
106.13 103.878
108.457 103.207
106.536 106.862
105.107 107.864
103.998 105.061
106.282 106.158
105.374 103.821
103.87 108.449
108.229 105.301
106.521 103.016
105.09 108.645
103.61 109.04
106.95 106.985
106.173 108.325
105.029 104.293
103.347 105.237
104.108 102.875
106.711 102.273
105.679 105.312
104.142 103.366
106.672 104.664
104.534 107.143
107.574 106.683
105.441 108.768
106.916 107.312
103.252 107.726
109.081 104.671
107.075 105.509
105.404 105.876
105.605 104.943
108.223 102.946
106.457 105.274
106.185 105.807
106.833 108.716
107.115 105.048
106.146 103.439
106.417 104.443
102.641 105.769
106.113 106.127
107.442 103.733
105.926 105.252
102.916 103.921
107.791 106.954
105.063 105.917
108.845 107.006
108.397 108.337
104.195 106.828
105.193 105.089
103.911 104.715
105.642 106.224
103.933 106.835
106.567 106.387
106.761 105.45
108.742 103.781
109.715 107.279
107.886 106.145
104.209 105.781
107.105 105.525
106.621 105.865
105.115 109.675
104.811 108.38
107.22 106.871
107.171 108.608
107.436 108.294
106.746 105.057
106.345 105.728
106.722 105.663
109.72 105.261
106.179 105.928
105.248 103.038
104.5 103.557
107.638 105.971
108.373 103.018
105.599 107.023
108.153 108.635
103.307 106.977
107.515 105.237
108.326 104.592
106.724 105.667
105.15 105.556
106.572 107.426
104.187 104.379
106.582 103.356
107.138 103.447
105.539 103.541
106.137 106.088
108.192 106.57
107.05 102.711
104.857 103.575
109.264 107.621
108.173 106.171
104.151 104.286
105.794 106.31
105.071 107.702
107.975 107.779
106.5 107.621
107.8 105.906
106.887 107.959
107.971 108.281
108.539 104.31
107.356 104.38
107.068 105.901
104.843 106.39
103.514 103.769
106.496 102.401
106.527 109.018
105.307 104.001
103.984 104.876
105.168 104.071
105.814 104.245
108.771 105.908
108.561 106.852
106.955 107.535
106.263 104.172
105.153 107.669
105.972 105.892
108.076 106.401
106.669 108.623
106.484 107.395
108.069 105.576
104.118 105.79
107.028 105.263
106.894 106.325
104.812 105.911
105.362 105.549
105.28 109.454
105.675 106.968
108.846 105.348
105.809 106.472
105.335 106.971
108.423 108.111
108.151 107.106
107.555 106.322
105.879 106.337
106.452 106.574
109.61 106.534
108.858 107.256
104.769 106.965
104.586 108.162
106.09 105.9
107.772 107.083
104.911 107.438
103.727 105.498
107.772 106.812
103.697 108.204
105.383 108.864
105.105 106.752
107.022 107.56
106.863 105.608
107.075 107.331
105.144 102.94
105.749 106.53
103.368 105.559
104.652 106.179
108.244 108.697
102.806 106.577
104.028 107.779
105.411 105.236
105.373 104.859
108.036 103.493
104.567 104.588
106.239 105.572
109.678 105.351
105.92 106.117
106.526 108.942
106.767 109.792
109.425 107.324
105.233 107.972
106.997 106.027
105.991 106.448
106.661 103.984
108.85 108.179
106.355 106.184
106.008 106.226
109.331 104.239
109.143 106.133
107.526 107.675
106.545 105.571
104.342 106.868
106.014 106.073
108.281 105.353
103.288 105.755
103.707 104.581
107.218 104.12
105.276 104.215
106.018 103.415
105.366 106.299
103.425 103.469
106.7 106.168
106.594 106.582
106.714 105.917
103.992 106.902
108.23 108.05
106.466 105.972
106.38 108.244
104.179 106.367
107.383 105.576
109 106.818
104.963 104.887
105.706 106.036
106.482 103.917
105.933 106.034
104.545 107.187
106.591 106.364
106.721 108.079
106.408 109.901
104.298 106.327
107.933 105.479
107.856 106.343
104.886 103.203
106.118 105.819
109.173 106.44
108.725 103.721
105.148 105.129
106.111 107.402
104.104 104.046
105.144 107.774
106.326 106.334
105.584 106.326
105.109 104.757
105.879 105.852
105.58 107.264
107.54 107.787
105.608 106.351
103.714 104.542
103.495 106.394
102.358 105.454
106.1 106.028
108.434 107.287
107.621 105.553
104.883 107.125
105.131 104.372
106.129 106.624
103.097 106.515
105.465 105.735
105.817 105.351
105.647 105.912
103.805 104.388
104.574 106.2
106.076 106.059
106.53 105.782
109.492 106.904
105.984 105.159
107.164 106.406
106.454 109.07
108.178 103.635
106.53 104.842
106.046 102.626
107.18 104.867
104.602 106.792
108.629 104.6
104.85 107.07
103.512 108.955
106.098 108.01
106.214 105.866
104.829 104.681
107.527 103.356
103.78 105.013
108.259 103.871
106.861 106.165
104.467 104.066
106.977 107.989
103.69 106.383
107.286 107.695
106.308 106.12
103.621 103.281
105.247 109.403
103.258 108.713
103.649 104.949
105.329 105.741
103.204 107.647
106.467 109.13
104.015 106.81
105.119 103.45
107.577 102.827
105.648 106.895
104.678 107.514
107.187 106.595
104.533 104.243
105.859 105.231
104.439 103.24
106.73 107.048
107.422 107.985
106.248 108.951
108.027 106.562
106.133 106.812
106.889 104.724
106.873 109.081
109.254 105.967
105.116 107.533
109.078 105.295
105.929 107.095
107.367 108.605
104.535 109.036
105.774 105.45
106.437 106.588
104.345 104.88
104.507 105.288
105.481 104.556
105.97 106.231
104.256 104.673
104.077 108.072
105.551 106.54
105.414 109.261
105.124 105.205
109.11 106.538
107.093 105.374
106.203 105.95
107.28 108.037
105.55 109.593
107.28 106.797
107.81 103.771
106.368 105.266
105.926 103.002
106.432 106.633
107.685 108.577
106.076 106.053
103.682 105.641
106.119 106.284
107.007 105.34
105.041 106.565
106.459 108.332
105.919 106.469
104.983 106.072
104.762 103.475
106.715 105.286
104.279 109.489
107.86 108.143
106.906 109.584
106.417 104.137
106.101 106.086
109.08 104.668
106.558 102.256
102.507 105.471
106.457 107.01
108.895 107.739
106.781 105.329
105.794 105.888
105.333 104.856
106.85 106.365
107.961 106.02
104.555 106.707
106.912 104.045
105.689 106.892
108.46 105.048
107.171 103.433
105.802 105.736
105.245 109.239
106.095 106.348
106.327 107.659
108.88 105.962
103.678 106.678
106.417 105.808
106.798 109.713
106.482 105.021
105.967 104.049
105.586 107.229
106.015 105.644
105.613 103.915
107.009 106.31
106.076 106.083
107.518 104.53
106.218 106.491
107.428 103.11
108.271 106.74
106.46 106.659
109.105 105.827
106.19 103.2
105.443 105.691
106.395 103.925
106.081 105.351
104.988 106.029
108.071 106.927
103.076 106.907
103.865 104.983
105.794 108.118
107.776 103.642
107.051 105.801
103.936 107.925
104.619 106.196
104.67 106.862
103.486 106.679
106.053 106.108
107.364 104.534
105.962 105.367
106.416 105.939
109.215 104.988
105.353 105.742
106.897 107.699
107.793 108.255
105.914 105.838
106.893 107.049
109.359 105.186
106.141 105.787
106.951 106.898
105.592 107.515
103.042 105.84
105.922 103.924
106.271 106.626
105.753 107.06
108.275 104.312
104.822 107.907
105.352 107.38
104.944 106.794
106.644 105.903
106.222 104.895
104.212 107.814
105.634 106.151
103.713 108.341
108.308 106.372
106.762 105.792
108.714 104.718
106.213 105.942
103.362 106.266
105.1 106.926
106.001 103.581
103.658 106.392
106.881 108.443
103.766 103.389
108.498 108.988
102.735 105.838
106.054 106.559
108.527 105.283
105.713 102.844
105.731 105.741
106.071 105.179
105.612 106.665
109.167 106.892
106.259 104.693
105.746 106.057
104.459 105.233
103.634 108.349
106.546 106.094
106.308 106.027
109.207 105.23
105.589 104.456
104.968 105.516
105.07 107.695
103.554 104.928
105.357 104.043
102.656 106.54
105.943 107.442
105.086 106.127
106.359 105.904
106.689 105.042
102.445 107.223
107.811 108.004
104.272 105.413
106.153 106.912
103.091 104.422
107.277 104.414
109.084 107.557
104.01 108.019
108.761 108.799
105.147 102.753
107.804 104.374
107.403 106.354
105.936 104.561
109.513 105.295
107.835 103.315
105.802 105.956
107.082 106.616
106.013 104.96
103.706 107.105
105.526 105.791
104.634 108.097
107.554 105.725
104.706 105.728
102.436 106.63
108.388 104.7
107.305 107.148
106.625 109.575
107.719 107.913
105.726 106.409
107.656 104.909
106.825 109.221
106.13 106.439
105.793 105.197
105.096 103.642
109.184 106.274
103.31 104.627
106.74 105.563
105.38 103.89
103.572 107.906
105.09 106.468
107.018 106.601
106.37 104.779
106.664 106.429
104.054 106.556
105.954 105.845
106.028 102.521
105.841 107.134
106.047 106.001
107.915 103.887
103.024 106.28
102.761 104.609
106.386 106.272
103.462 104.468
105.862 106.868
108.496 107.564
106.168 106.04
106.953 109.241
105.865 103.698
106.806 106.099
105.235 102.349
108.428 106.021
106.102 104.637
106.329 108.522
108.185 106.361
106.403 108.205
104.795 105.222
106.387 105.991
104.742 106.3
107.259 106.52
106.346 103.702
104.428 103.686
107.013 104.181
107.488 107.601
105.773 105.863
107.775 103.374
106.448 106.012
105.611 104.49
106.807 105.481
104.998 107.628
109.621 106.094
105.789 108.317
103.657 105.904
105.698 107.992
106.13 104.189
106.893 105.964
103.896 104.953
108.633 108.325
107.138 106.236
108.45 108.779
107.035 105.272
107.684 104.345
106.101 106.09
106.943 106.834
107.458 104.837
105.353 104.548
105.734 108.418
104.713 106.497
106.559 105.819
108.68 104.348
105.93 106.488
105.73 106.543
109.265 107.499
106.39 105.82
104.76 102.531
106.543 104.453
105.135 104.46
103.758 104.642
106.902 109.586
107.058 106.078
105.127 103.611
104.246 107.081
103.778 104.557
105.303 105.075
106.168 106.031
104.146 102.73
104.995 106.709
104.389 102.762
105.108 106.726
105.76 104.29
106.774 108.813
106.279 107.237
106.069 106.046
103.772 106.349
106.198 106.201
103.51 105.796
104.427 103.296
109.104 106.436
103.768 104.332
105.934 106.129
105.39 106.164
109.574 107.053
105.554 107.159
107.713 105.841
106.452 103.071
109.409 105.013
107.991 106.055
104.39 103.658
108.491 106.252
106.593 104.704
107.282 109.599
104.447 106.54
107.083 105.49
105.657 107.771
107.875 104.688
108.792 105.18
105.571 107.733
105.801 106.445
105.81 105.847
106.622 106.983
106.668 106.8
108.907 106.637
107.578 106.652
107.514 108.154
108.474 105.452
106.503 109.074
105.179 105.969
103.122 106.917
107.521 107.549
105.266 107.148
105.877 104.157
105.929 106.383
105.971 105.421
106.091 106.511
107.532 106.398
106.922 105.99
106.094 105.961
108.037 106.971
105.881 106.433
104.353 104.269
105.599 109.539
107.826 107.822
104.318 107.432
104.894 106.341
109.552 105.683
109.32 106.53
107.266 106.678
106.374 104.588
104.863 107.639
106.045 106.131
103.932 106.989
102.857 106.964
104.823 103.645
106.294 104.634
104.249 105.018
105.791 105.014
107.717 109.534
104.953 106.297
103.06 106.705
105.716 105.849
105.911 105.644
105.719 107.073
106.386 109.581
106.279 105.681
104.37 103.075
106.347 106.871
107.082 105.408
108.057 103.225
104.205 106.596
107.207 104.521
108.48 104.502
106.055 105.011
104.999 106.022
105.976 106.244
106.161 107.394
103.644 104.594
105.22 102.39
108.058 102.953
106.495 104.848
106.251 105.533
108.515 104.692
107.302 104.275
106.036 106.219
106.148 106.258
104.778 103.451
105.308 106.024
103.625 105.848
104.199 106.25
105.7 104.877
103.726 108.358
107.14 105.084
107.02 105.455
102.933 107.47
104.817 104.513
106.48 109.794
102.722 104.287
103.962 105.927
105.631 105.968
105.907 106.127
102.86 108.166
107.425 102.523
107.166 103.143
108.095 108.569
105.738 105.102
105.387 107.302
106.077 107.193
105.497 105.805
106.278 106.514
108.906 105.018
104.682 104.433
106.067 103.882
106.798 106.628
106.089 108.707
104.658 103.987
105.769 106.036
105.62 104.713
106.297 106.159
105.116 104.885
102.322 106.77
108.029 106.342
106.033 108.971
107.704 104.128
103.987 107.054
105.85 105.306
106.19 105.398
108.96 103.918
106.513 106.308
105.317 105.74
105.947 103.425
106.642 105.668
108.029 107.643
106.047 106.008
102.733 107.837
108.822 103.374
107.019 107.324
106.19 105.733
103.288 106.941
105.079 104.87
103.964 108.975
104.335 103.774
108.324 107.44
106.391 105.393
105.984 106.235
107.99 104.986
109.023 107.426
105.902 105.897
105.099 105.139
106.864 103.792
104.712 104.951
106.012 105.897
107.594 104.859
108.64 105.54
107.975 106.678
105.717 107.468
106.992 106.65
106.274 105.109
107.861 106.38
106.608 104.358
105.505 106.055
105.648 106.139
106.065 105.853
105.69 107.811
106.064 106.047
106.825 107.763
107.892 103.074
103.619 106.361
104.944 103.061
102.641 105.446
106.367 106.225
105.947 102.481
106.062 105.211
107.757 108.526
106.649 105.424
106.642 106.437
106.013 106.044
106.069 106.567
105.841 105.793
106.553 106.288
9.51749 70.7405
132.516 4.87973
210.868 103.181
176.772 30.3219
18.9627 160.007
72.55 204.073
189.268 43.4668
160.982 195.399
8.82647 70.3349
209.079 90.6774
162.663 192.933
205.058 141.524
187.137 169.962
33.1634 29.2504
167.141 19.8625
90.0304 4.03571
115.641 2.03438
58.6163 13.3261
34.9383 30.1151
208.775 92.7367
180.351 176.749
20.6661 48.713
7.73276 76.807
150.123 200.973
103.319 3.50077
10.0489 67.8462
209.981 95.3944
182.841 34.9264
21.0242 48.5167
14.9702 53.4553
211.277 95.5885
131.957 6.35824
7.30234 75.1441
147.199 9.5671
184.804 176.952
180.264 35.0757
8.61372 143.788
6.20416 131.337
118.832 1.07587
40.8329 186.704
49.4954 19.0401
210.159 87.3619
151.703 201.121
81.1707 5.16764
31.4974 32.2541
46.0782 19.6567
53.1619 193.793
0.881034 112.175
173.528 185.146
158.668 194.157
95.6025 209.941
31.2951 178.615
196.43 157.883
47.4267 20.1063
141.494 8.17722
163.853 191.702
0.850524 108.018
2.61355 121.232
72.1635 204.208
3.44728 123.147
208.869 125.634
26.5895 175.157
130.511 207.989
210.053 103.926
166.913 192.106
190.645 167.889
16.3286 161.258
209.34 101.581
59.329 199.416
76.7529 4.7394
208.101 131.565
21.0282 45.1124
84.5799 4.32262
62.2666 198.506
61.3065 199.725
205.322 81.0638
67.0155 8.58217
4.36543 90.3074
206.757 73.6987
6.91095 134.307
22.1135 47.4967
209.961 110.33
210.932 100.857
19.9958 167.228
194.64 159.286
84.9789 206.93
61.2816 13.9931
133.312 208.337
75.6052 6.97619
134.12 7.54403
121.818 208.076
32.0029 177.958
11.6789 148.083
3.7862 99.2816
193.445 162.685
86.44 2.2827
16.0784 155.168
2.67893 83.6521
192.506 164.406
48.0392 190.698
180.516 35.6306
81.3094 5.64334
32.4258 178.832
120.461 210.031
35.3024 29.1323
160.175 15.6916
17.9911 50.7701
32.0537 181.627
204.825 134.804
170.009 24.599
5.88919 84.7697
115.046 3.52635
3.68786 133.422
112.211 0.549065
140.875 9.66943
185.311 36.4903
15.5532 159.083
209.151 129.554
5.33425 130.843
119.292 2.5356
86.63 4.46938
14.7962 158.309
186.689 169.245
122.917 5.11583
7.78877 74.2372
98.8064 3.8958
183.629 177.419
152.851 14.595
163.982 192.13
136.796 206.006
62.7299 9.7964
152.124 199.003
112.23 3.73301
68.1584 202.4
89.4268 209.447
92.6218 2.24603
108.675 208.933
6.2635 82.8684
57.9259 197.51
200.679 152.299
122.535 207.812
19.7838 49.3255
14.0662 54.9183
187.309 168.284
170.691 186.953
194.173 159.267
203.399 72.2901
136.086 204.988
147.686 200.398
124.69 209.719
67.7552 204.393
14.9083 55.1782
62.5514 11.0933
101.467 210.625
205.281 74.9805
46.9696 189.926
136.624 207.517
141.492 6.32612
40.5341 188.926
77.5243 7.64516
117.62 207.847
208.689 112.372
55.6585 16.7151
5.36291 82.6603
181.652 34.8713
96.8045 3.83288
146.627 201.19
21.068 48.5736
210.226 99.1225
89.6361 207.925
96.3421 208.174
155.128 196.586
148.703 203.06
32.3386 179.088
52.3839 15.0721
48.8055 21.2344
180.56 178.584
10.8298 66.1732
210.201 106.284
10.2016 146.218
114.397 2.26245
15.3478 155.999
143.335 203.564
194.442 161.192
20.4268 46.8845
158.642 193.788
201.542 151.372
205.538 75.5679
40.2906 24.4501
71.1673 6.63194
16.1511 53.6118
3.13515 107.272
203.667 75.2891
115.332 3.28928
207.096 77.81
151.76 200.391
62.6588 198.796
197.043 59.3342
102.382 208.208
105.146 1.54473
1.05504 117.911
204.859 75.7251
134.49 7.64927
177.308 182.259
2.97761 104.337
169.796 24.709
5.24693 86.2609
2.88993 127.374
186.579 42.5257
209.043 99.3013
5.30712 86.8435
15.449 154.945
42.7077 23.299
211.926 108.933
113.745 210.19
83.327 3.41846
190.673 168.037
5.80433 78.3222
136.038 206.103
132.885 4.44243
7.02298 75.0535
128.023 209.387
192.017 47.4278
21.3325 169.204
165.86 20.0007
2.33146 94.5438
27.8135 34.5779
17.6518 164.519
206.072 133.972
189.098 168.441
13.5697 61.8211
137.793 7.81494
63.3862 202.646
111.975 2.47085
194.896 49.035
22.5686 168.637
9.09964 72.0802
105.558 209.727
22.9586 44.5117
49.0158 20.3448
7.69785 69.4886
6.62049 77.6051
8.31949 66.6347
210.196 104.561
208.106 78.8346
153.696 200.609
54.2817 14.5581
52.1463 14.9553
2.17484 86.7083
206.607 126.249
33.318 179.719
5.77745 80.2258
2.5705 93.7167
27.5049 173.433
161.017 17.5753
189.514 46.7759
166.495 189.41
79.2802 7.29428
0.464404 100.838
209.667 118.27
66.9968 10.9607
203.246 146.773
13.2887 156.14
199.582 155.894
201.447 64.5157
36.5261 183.218
133.146 205.573
198.663 149.917
28.5771 178.141
24.5702 43.4797
171.157 26.9764
115.715 1.32581
111.703 209.238
7.14305 141.158
200.487 148.99
124.498 5.52032
20.4568 47.8922
165.434 19.4721
48.6919 190.866
176.144 184.207
4.19584 119.182
75.7784 6.77925
194.411 48.9843
147.589 202.807
4.72536 124.854
209.724 112.487
157.049 16.6043
152.692 197.656
122.749 3.01525
77.2084 7.9331
115.75 1.63389
201.045 58.9276
12.97 152.354
172.71 188.276
122.24 4.65613
125.026 3.57966
56.2733 198.517
30.7389 176.63
137.191 206.721
94.2368 209.173
45.5832 21.706
209.153 110.465
94.2164 4.1622
186.903 168.604
118.695 0.912009
174.951 27.0277
6.06131 132.458
162.953 18.1636
84.6343 206.24
34.8043 32.7549
4.50448 132.907
208.678 87.8101
3.04315 94.6027
88.3935 4.64388
31.8167 179.848
148.3 11.0991
35.1925 182.011
48.2624 192.587
159.464 17.1977
202.544 140.65
168.859 188.708
21.3105 47.38
3.44374 117.303
209.004 89.2524
18.1739 51.858
177.813 29.7239
176.788 181.853
209.652 127.567
6.9738 73.871
62.2581 202.327
58.5885 12.4808
10.2697 144.107
79.7332 7.0863
14.1493 53.5308
41.725 22.9697
88.0502 209.698
210.039 86.1454
3.48221 92.1638
117.413 209.229
127.848 206.299
199.852 150.264
143.262 202.95
13.0031 57.1135
95.1011 1.32335
151.946 12.7381
47.8273 20.1936
205.162 135.617
170.535 24.3589
151.769 198.738
82.652 3.17327
112.662 209.581
205.178 70.8689
162.186 17.1945
203.6 143.91
43.7141 21.9934
125.458 2.72632
87.6009 206.657
30.1882 175.445
27.5664 172.014
4.08225 119.646
119.059 208.265
129.966 205.544
208.531 87.6971
200.708 148.668
24.5704 172.677
193.639 158.931
13.504 57.0515
148.032 200.645
23.7381 170.353
17.9898 52.01
61.3341 199.21
17.2612 159.346
204.281 144.703
46.0854 191.703
165.568 22.3575
0.864994 103.523
196.245 157.721
210.675 101.077
101.619 0.854844
147.264 12.2024
188.75 169.778
77.0491 206.34
89.3611 209.638
5.07187 76.8642
146.845 11.1752
14.4987 56.6733
68.8037 203.054
3.99006 91.9477
204.017 75.0976
3.69738 89.5426
197.81 155.904
50.2539 193.518
13.685 153.517
90.5095 4.00026
11.9539 60.3466
35.3351 29.0881
18.5233 47.6833
20.2805 164.695
91.2326 4.00847
34.3806 183.403
209.797 118.067
19.1809 46.5957
205.777 74.2211
30.0224 177.254
209.229 102.71
209.938 91.6748
106.159 210.006
194.964 48.7818
2.0726 108.233
137.693 5.86254
117.284 211.263
58.2846 196.843
210.217 118.821
195.893 53.6268
197.785 156.959
157.89 198.215
25.8832 41.878
55.7468 14.6869
109.781 3.31126
2.81993 87.102
170.034 188.578
34.2342 180.077
69.957 7.27906
31.919 178.524
3.47361 117.351
134.73 7.48429
207.977 81.4415
146.537 11.6736
188.744 170.524
132.935 5.85305
126.667 209.74
46.3457 18.4597
131.372 6.02135
107.517 1.15774
81.8373 3.02948
4.02481 96.9116
197.042 154.744
150.095 198.873
5.44728 134.636
19.6818 46.9611
110.75 210.37
36.5037 26.3155
11.6224 153.323
208.26 121.415
156.902 196.555
159.678 194.517
58.3423 198.488
206.511 83.2588
4.03365 77.881
103.828 2.48771
146.912 9.17818
201.246 145.42
6.69338 79.1619
8.94424 138.185
153.622 198.495
210.595 94.7019
64.8978 10.5196
210.781 101.699
106.357 0.60243
194.757 52.5253
208.693 115.669
8.70652 142.323
3.8364 125.473
37.6006 182.589
85.4356 3.47322
173.389 27.0089
208.757 114.98
169.831 189.864
188.353 172.125
3.02217 86.4755
1.58801 94.9203
21.3183 165.648
164.535 21.7376
22.821 170.361
109.934 208.667
144.325 203.731
153.214 199.049
58.3282 198.665
170.057 185.95
134.104 204.842
103.26 3.88672
191.896 49.6613
182.159 34.0515
204.763 134.259
3.511 84.4633
9.12572 146.773
208.112 80.3635
89.309 1.41573
20.207 165.475
106.799 208.412
197.435 157.823
162.631 193.644
208.739 123.637
105.385 0.272114
81.3259 207.591
202.388 145.277
166.668 21.0315
50.6501 19.2698
109.367 212.051
199.222 55.9193
201.242 64.8314
210.835 116.412
177.755 29.3546
151.203 198.15
13.9375 58.8957
54.7047 14.4678
198.305 156.752
154.53 197.277
109.495 211.06
181.17 178.03
16.7652 53.1195
5.20449 87.0924
42.7478 21.2513
61.0254 13.3342
21.549 167.071
170.954 186.624
9.39377 70.8364
202.458 141.426
165.762 19.7582
156.551 14.2387
27.5638 173.513
107.847 208.371
66.6363 202.357
155.57 13.8889
207.37 82.005
7.31618 141.846
17.5714 53.47
204.119 75.3997
205.61 73.7957
208.613 88.3158
129.775 209.385
76.882 205.626
156.759 16.2238
178.001 179.068
181.541 175.142
2.66265 103.857
5.8386 79.1371
158.6 17.9373
92.9843 207.562
17.9016 47.6431
106.568 210.829
203.935 74.3938
208.5 122.292
94.6928 209.655
2.01655 120.191
130.192 208.796
4.00393 91.5718
16.0063 154.43
29.4088 33.4778
139.634 6.24461
161.745 194.6
21.9431 166.5
22.5047 42.9597
155.83 12.9056
49.8159 19.1028
204.892 71.5135
155.824 12.7989
61.4572 12.9311
100.281 3.32838
157.4 197.023
57.1595 12.53
201.909 148.042
12.7679 57.6813
125.236 208.898
23.6346 167.221
192.869 46.2015
60.2927 13.4794
110.149 209.995
108.802 1.93104
132.934 207.486
0.146432 110.095
180.533 33.8504
142.403 204.412
209.481 121.528
40.4134 24.7243
57.9378 198.086
115.071 1.68659
194.159 158.886
187.287 169.408
16.7174 159.44
169.455 23.8312
137.675 8.08527
66.3013 9.13593
106.516 208.731
9.39259 63.379
5.93414 82.9383
31.9859 177.612
3.12194 85.7797
60.7139 13.9288
206.23 73.5781
18.3908 52.7889
7.09752 69.2149
3.97898 83.474
187.22 171.052
61.7803 13.0587
110.021 208.619
26.0004 40.1985
106.22 211.722
146.541 201.005
162.92 19.7459
134.556 4.30603
198.415 152.619
207.571 77.5614
36.7176 27.9076
205.237 68.8568
67.7826 10.8742
164.61 191.192
87.3082 5.473
139.72 8.30619
75.9491 207.001
198.403 151.765
39.1565 184.876
34.1737 178.954
188.882 46.1234
40.9998 26.0776
173.171 26.5929
148.674 199.227
204.983 139.623
75.277 7.04017
42.7254 186.881
58.1287 200.442
147.54 200.856
158.992 195.222
101.1 208.921
210.055 90.6742
177.603 32.0115
118.061 208.912
93.7377 3.32625
7.98438 74.648
207.601 118.972
4.65659 123.731
196.568 53.842
104.577 211.44
120.082 210.438
1.25709 94.7045
3.59328 117.225
27.0261 176.772
167.951 190.654
49.4571 194.958
10.3653 64.4269
59.1612 199.35
121.398 210.787
150.767 201.234
193.406 48.4183
4.66691 81.5604
208.678 83.1774
26.5923 175.099
182.94 176.93
203.044 147.949
130.029 205.573
186.63 43.0427
29.9934 34.1636
207.625 76.5761
100.231 208.94
168.5 189.419
8.76643 142.739
208.407 107.883
11.3157 152.324
6.09941 79.7429
196.422 160.519
51.1035 195.257
11.6835 58.8523
155.075 12.2123
161.239 196.048
198.997 148.794
210.231 86.7145
59.7416 197.599
79.985 205.594
73.3163 203.474
79.7143 3.649
187.059 168.549
103.658 3.59609
6.24563 136.087
84.7547 208.56
24.4104 173.044
211.792 112.258
49.4629 18.1377
145.591 9.68616
31.3567 177.482
21.2781 46.7007
167.697 191.22
2.7569 99.3997
32.3685 32.9183
207.992 88.8962
190.508 44.8767
185.928 40.3612
18.8561 165.072
84.8457 2.67206
209.055 113.345
44.8503 20.3285
54.403 197.737
21.751 167.318
59.7978 198.54
200.043 61.5019
209.202 85.6827
131.493 5.80225
165.091 19.8288
182.011 179.479
54.0551 17.9193
116.947 1.15633
171.069 27.0098
12.7828 63.3878
196.836 52.8236
8.30332 139.81
16.8407 158.23
121.749 208.054
208.824 123.993
113.345 4.11451
91.9232 2.4473
51.0344 196.32
200.021 62.2102
58.2138 13.7544
191.656 43.6232
191.554 48.1624
176.374 28.2167
128.24 207.318
0.573977 95.4429
6.10084 70.8023
110.202 211.919
111.653 209.76
124.075 210.424
8.20821 66.4784
139.343 6.49155
182.397 38.0674
187.067 42.5764
179.583 179.092
193.324 166.234
10.0298 148.932
78.475 207.076
168.154 22.8805
171.728 24.0945
180.667 177.621
164.635 21.6207
43.3347 191.258
204.534 133.786
18.1613 161.077
194.225 51.9531
17.405 164.151
6.83799 142.461
10.2818 64.4093
183.411 175.521
185.548 40.7721
11.6768 60.854
47.6106 19.0069
209.788 108.271
39.8379 187.958
187.574 171.307
167.848 188.802
188.17 39.8382
122.5 206.989
202.613 143.542
6.03168 128.612
35.2939 183.361
210.875 98.8766
60.2411 201.5
205.957 77.8693
91.9616 2.91772
122.989 4.21001
2.55891 98.5038
164.628 193.513
74.9943 7.1162
188.957 166.03
3.4829 86.1135
157.796 194.878
193.372 163.172
198.104 154.202
21.3935 169.198
54.6529 196.603
125.654 207.713
97.2196 208.186
170.116 22.8651
19.878 50.7543
109.578 211.96
90.7989 208.142
1.42033 116.902
66.6282 202.26
125.416 209.863
6.85595 131.474
74.0467 203.621
7.07697 136.959
51.3943 196.086
93.926 208.705
134.64 6.14154
162.238 19.7471
6.88509 142.247
157.442 13.6584
211.811 101.608
65.8002 11.5178
208.663 107.948
210.338 111.864
22.7646 41.3934
186.897 171.431
200.3 65.185
45.2583 191.441
191.869 48.8303
99.9784 1.85576
91.9955 2.83197
93.3261 210.061
153.928 14.7728
140.111 205.325
13.0993 59.936
152.722 199.802
2.38023 112.102
14.1545 156.021
89.4806 5.02464
21.0862 164.109
55.3634 13.5945
202.85 65.3659
184.932 174.631
155.541 199.188
112.851 2.92881
38.6777 186.471
1.07419 117.822
133.267 205.381
206.649 84.6058
204.22 72.6553
117.231 3.76084
187.289 169.728
210.483 89.8904
38.2405 24.9378
128.48 208.972
185.171 175.932
162.668 17.5326
108.919 3.64143
196.669 51.8769
110.719 1.77684
74.2951 206.075
4.82113 126.009
42.015 188.629
4.21824 118.778
10.4534 67.8008
199.569 59.3773
207.631 135.826
48.2085 17.1708
78.2335 207.449
202.041 149.975
15.3837 58.4673
32.3187 34.0104
165.578 191.771
175.711 183.572
5.99709 80.9985
6.28934 128.976
13.3952 59.8376
186.024 37.2003
195.036 160.846
59.2044 12.8146
199.743 61.6095
2.86866 98.1159
38.6561 185.646
1.79779 120.768
208.766 87.4111
17.7344 158.409
37.5749 26.1589
63.1328 13.2032
195.746 156.123
181.427 177.018
138.28 8.51892
160.254 15.788
199.033 58.9951
104.535 211.573
194.789 53.6115
203.839 65.6886
143.309 8.23754
206.941 78.8099
201.936 61.4835
208.183 114.254
165.623 192.425
143.581 9.04613
208.196 111.717
22.4723 41.3312
3.9066 116.2
211.105 115.204
24.6005 40.3802
119.277 4.59727
98.2602 209.153
50.1059 195.034
128.672 208.301
147.679 9.78648
210.174 90.6225
68.2532 11.0225
200.921 147.886
35.5095 31.328
115.48 209.494
53.4587 196.748
187.935 167.683
31.9681 176.809
41.1298 185.146
3.26385 85.8005
131.622 6.46722
147.541 201.287
5.5778 138.984
206.099 78.8464
39.2493 28.4024
3.01046 84.5029
41.8095 185.683
197.799 151.635
206.61 126.557
202.708 149.025
63.9549 10.3587
40.9527 26.3047
163.86 18.5575
165.285 193.879
67.1737 202.117
1.49489 106.55
69.8623 204.775
204.868 73.4402
173.908 27.3227
73.0465 206.417
4.35347 120.496
22.5324 165.905
206.578 76.5624
103.285 210.231
210.22 112.535
145.738 203.695
200.708 59.6976
3.67111 121.754
23.2563 169.211
101.211 1.38152
27.8334 174.593
135.905 205.055
7.87473 139.52
5.00234 125.518
191.975 162.251
208.435 113.857
189.843 165.64
37.0671 26.8704
18.5504 164.589
58.1653 199.322
211.336 96.4869
47.3076 17.9752
211.447 106.615
2.21466 89.772
41.9332 188.148
176.382 27.7177
203.458 146.671
2.22379 113.495
205.469 133.199
106.798 2.69343
45.798 190.199
19.294 49.7192
7.54608 135.734
202.301 141.282
42.3736 24.4667
5.50956 87.4121
99.539 4.06924
167.993 22.2645
1.44224 115.266
110.519 209.724
85.7811 5.23547
77.9301 207.808
180.322 177.581
16.1641 56.1624
208.106 113.6
93.6472 209.824
121.41 1.22991
209.952 115.291
2.23645 127.464
180.26 33.1147
2.84122 129.975
141.351 203.137
203.432 140.094
6.28065 71.1804
46.441 191.131
50.5785 17.4873
162.749 193.27
44.1 189.812
103.686 208.426
113.29 1.8197
8.52155 136.739
207.783 129.455
111.726 0.530848
96.3555 3.49101
185.541 38.57
29.9735 35.6804
202.787 143.983
18.0038 162.891
20.9135 166.68
83.7188 4.25776
182.846 177.324
94.5004 207.913
5.94505 128.326
111.38 2.26346
57.8288 15.5429
46.1497 21.5382
13.0569 154.798
207.357 131.228
201.119 63.1103
187.279 170.884
158.974 193.926
104.648 211.581
50.8428 193.956
103.155 0.749923
97.1392 2.02666
192.169 165.625
210.307 110.213
145.345 203.168
206.999 137.602
167.93 20.5848
110.629 209.543
55.7485 196.6
48.232 193.99
126.141 209.571
169.847 188.477
167.8 23.3362
55.5942 197.076
201.072 67.4946
63.2684 201.132
84.8054 2.99985
38.3576 185.928
160.913 16.6163
164.094 191.984
83.7874 207.245
166.267 189.397
200.402 151.752
89.8541 209.84
187.493 38.9519
3.76351 129.46
14.0919 158.079
105.845 211.659
179.021 179.031
113.793 208.591
200.073 65.7547
57.5742 14.8897
207.19 128.446
160.86 193.623
153.945 14.3121
5.70354 78.9835
4.75076 80.8617
183.073 35.7837
161.157 17.566
184.169 174.826
199.114 61.2567
162.598 19.5339
182.696 37.0641
58.6452 198.354
72.9691 5.90435
210.767 117.048
190.264 45.2197
155.371 196.249
109.365 211.236
208.447 118.839
141.743 9.12228
4.4623 76.9261
200.561 61.3111
167.412 20.7138
201.022 66.6213
192.619 45.8257
65.8371 200.732
5.59128 79.2847
11.9566 153.894
13.7418 153.639
128.012 209.629
83.5323 206.282
173.572 186.574
92.8949 208.202
10.2752 63.8186
188.163 44.8509
27.8396 175.114
169.945 26.1554
6.09198 141.054
207.595 88.0416
97.4652 211.647
182.851 175.768
146.765 11.7992
1.28728 119.321
181.324 31.8323
209.426 84.0923
24.2285 43.4749
177.864 32.107
4.55006 130.437
83.2728 206.896
35.2814 27.5062
148.686 10.0498
134.406 206.033
136.47 204.512
128.134 209.789
16.7336 49.2999
100.784 211.547
209.104 84.0204
53.2297 17.9691
199.001 63.2163
200.935 146.574
61.1783 10.1482
109.922 208.706
124.721 5.18905
210.84 102.715
3.00598 81.4847
166.828 191.143
104.376 2.5631
88.128 209.75
5.17187 75.9726
198.806 151.24
52.0813 17.9891
17.3189 158.43
85.244 5.41579
16.3884 155.091
209.487 99.7397
153.756 14.968
14.9653 54.4452
2.66867 101.79
88.3804 208.081
59.7604 199.182
156.271 197.148
2.32074 90.5696
2.24289 110.023
135.397 207.621
125.772 2.76028
18.6109 52.0357
1.73994 113.863
69.2897 202.698
137.114 205.034
37.9001 182.438
139.957 202.67
181.635 36.7735
205.288 75.0168
193.509 165.236
10.6882 63.7746
123.07 1.4019
199.62 153.375
114.647 0.799815
192.394 45.5324
52.0798 196.286
41.7426 188.151
140.354 8.25686
2.41188 105.168
168.483 188.014
10.237 142.218
51.6337 193.304
0.803165 112.158
211.392 94.5648
71.076 9.92835
206.738 137.603
5.69371 130.86
209.072 103.411
209.213 110.74
39.4981 23.9959
187.896 40.7579
87.0531 207.866
125.824 4.64036
32.5983 33.8428
146.5 201.371
108.547 211.73
198.835 151.893
195.887 158.263
49.0243 20.6001
205.07 77.3106
4.41805 119.757
162.001 18.779
63.5945 12.1734
4.63379 81.1339
144.219 202.472
113.799 2.15935
199.96 65.3126
68.7738 10.8522
86.4735 208.753
4.02198 78.6636
112.242 208.863
184.735 171.717
158.625 197.943
159.604 16.2922
199.788 150.214
4.98219 81.6205
202.326 62.9925
206.018 84.1268
9.44763 65.3319
116.578 209.875
16.2863 56.4369
197.635 154.962
12.8162 153.673
47.0182 18.3579
202.299 142.144
1.79788 116.009
209.27 121.238
120.067 3.72446
175.125 26.3233
54.0571 198.01
1.1297 90.9384
197.225 59.2239
167.973 21.5214
130.538 206.935
75.6727 5.75811
53.1849 195.401
59.2237 12.8022
186.334 170.843
200.796 67.086
103.003 3.5787
177.452 181.572
210.478 101.729
7.28779 75.5548
210.113 92.9546
211.242 110.619
189.531 166.089
181.245 34.7357
208.334 95.5575
174.394 183.622
4.13356 125.38
179.12 32.8853
209.293 120.723
148.857 201.277
205.879 130.614
200.01 150.732
179.036 31.8937
103.627 210.347
192.545 47.9163
54.291 195.077
129.078 5.17839
183.665 36.8951
164.162 20.5544
150.373 12.624
121.715 209.33
25.9141 173.448
73.043 8.9733
25.8231 172.647
119.475 3.07193
205.637 138.428
205.31 78.661
184.342 39.9347
17.8337 49.3551
53.5683 15.1747
0.0481818 108.63
21.8007 164.962
206.485 133.335
26.0282 172.98
4.09042 120.084
6.26284 83.6489
209.563 112.276
45.8168 19.5885
20.3226 164.782
25.2562 169.819
125.761 4.59654
60.4889 199.83
187.537 43.94
28.5881 36.0254
21.4244 42.8911
190.717 48.0273
188.014 169.706
111.165 3.33497
66.8504 202.382
196.203 160.65
13.2618 62.049
9.85359 149.104
82.7752 206.952
77.0706 4.65976
90.9301 210.222
122.042 3.59476
113.172 211.422
171.311 24.98
20.3052 167.813
163.011 194.247
15.8883 55.8473
84.4728 3.99559
117.432 208.688
206.991 126.351
39.6367 27.681
4.78637 74.6308
199.396 62.3131
22.0631 43.8575
22.7626 41.3312
11.9825 151.953
207.946 134.9
17.9054 52.6385
8.07705 140.768
191.911 48.0255
184.071 176.993
205.903 133.12
191.815 163.407
35.6612 182.961
166.269 22.7701
201.091 146.782
172.721 27.5921
92.9042 207.947
207.745 130.886
107.024 210.279
1.23727 94.879
34.1223 30.1715
105.664 0.382053
35.2741 182.603
13.8598 58.2533
32.6763 34.6946
3.58386 102.309
129.75 208.154
30.3763 34.2873
147.197 9.34392
150.523 12.9458
7.05688 69.5563
18.0274 48.4918
72.8684 8.96319
32.2066 179.615
101.25 3.7772
82.6172 3.7332
111.095 208.22
7.57387 74.4881
124.341 207.118
72.9604 203.119
149.934 10.0409
102.774 1.21286
68.7879 204.024
15.294 160.218
64.2786 9.39108
209.509 119.655
118.826 1.23429
4.87241 75.8341
206.002 78.0163
135.341 5.1481
69.6524 202.271
5.45107 131.23
121.302 210.764
2.59982 112.749
36.9329 183.736
42.4458 21.7579
182.154 178.614
167.901 189.266
140.198 204.037
209.523 85.956
199.496 59.348
50.5505 192.489
176.055 182.801
135.891 204.597
29.4618 33.1366
206.904 81.3151
179.311 34.3768
7.59853 142.412
9.26156 65.2799
5.85201 131.404
209.825 95.2763
40.7342 185.698
154.427 11.741
209.546 87.1675
0.410224 107.24
45.6636 20.5027
3.11632 107.535
143.487 202.727
208.348 84.9084
188.133 40.2417
208.398 99.9527
183.127 36.6384
155.224 12.4881
176.171 27.3536
50.9632 18.7403
203.873 72.3039
27.8441 175.05
68.7843 201.313
192.485 163.418
158.213 195.162
21.5044 169.695
207.912 93.0442
124.744 4.91391
87.4711 209.059
190.116 169.947
136.501 203.678
97.6418 208.876
121.896 4.59306
86.8685 207.728
211.108 106.747
4.20489 92.0937
196.619 53.4741
131.974 208.494
193.315 159.632
3.06454 120.144
8.72808 65.227
141.631 202.272
26.3255 171.8
134.997 4.14832
53.2627 14.1424
93.496 4.30285
8.92244 147.503
3.66677 89.7912
30.0295 177.687
11.0926 64.2091
75.0625 8.39941
143.923 8.82732
31.8817 180.838
46.0712 21.4342
26.815 173.692
12.6158 64.3756
207.781 82.5463
144.231 201.487
21.679 44.9372
40.9974 184.903
27.4474 173.662
6.87476 139.444
122.053 4.2611
82.5974 209.453
5.56922 86.7963
205.213 138.025
56.5146 196.354
92.8127 1.49853
208.474 108.626
21.0659 45.9023
47.7809 20.3595
57.6784 13.6641
148.654 203.15
52.5403 194.954
104.506 0.557089
170.34 25.1026
102.612 0.233295
5.41707 73.7979
56.213 196.769
115.6 3.88469
208.778 91.3063
126.123 2.69244
22.0244 41.3949
138.813 7.15442
210.151 96.5402
189.079 170.757
8.495 70.468
195.927 54.7398
65.3618 9.12778
1.45299 119.926
136.135 8.36539
135.789 6.52483
21.2019 46.2968
21.9188 167.827
99.4187 0.49429
207.665 121.023
209.68 119.665
93.0152 3.31937
54.3569 197.745
13.7675 154.975
95.1411 3.60011
27.6417 36.9975
5.5484 128.569
71.3187 203.314
10.7505 148.942
197.45 52.919
172.005 186.563
11.6896 147.042
98.9146 0.643238
67.5728 202.075
13.1921 55.7069
94.1625 3.33412
114.107 210.931
203.039 63.6887
189.052 43.8688
7.35051 72.5906
34.0875 182.453
63.8673 11.4109
4.01721 94.0322
162.03 194.932
7.42032 76.7719
194.901 51.3371
209.609 105.479
14.899 155.54
2.64635 119.64
135.424 204.902
62.1002 199.055
155.803 12.942
170.164 22.6414
145.636 201.05
6.56431 79.3699
39.9991 23.8879
40.8973 185.337
112.306 211.563
5.31352 88.0797
140.637 202.825
211.047 92.994
205.21 133.516
200.535 150.006
31.3094 179.894
171.257 186.87
104.763 209.439
93.8783 3.51995
84.7236 207.711
192.209 45.8346
40.7392 24.0261
11.9484 151.96
86.1031 3.10828
35.9057 27.1117
155.758 198.595
5.35355 134.827
208.323 132.313
163.316 194.774
10.7114 68.7693
149.178 10.7058
106.377 211.762
42.3687 187.676
197.891 156.497
42.4299 22.9801
83.2964 206.699
92.5022 208.506
67.46 11.2634
205.222 134.031
200.62 66.0344
208.621 107.61
144.64 202.443
179.359 33.0781
186.918 39.2769
22.1079 164.823
191.532 48.3123
209.04 101.393
3.67447 101.277
208.333 91.7872
3.31561 91.2114
113.875 0.798448
139.444 204.618
6.45539 136.671
140.002 7.86307
2.24562 101.397
127.988 4.99252
15.5429 57.5646
16.2718 159.542
194.91 159.294
91.9983 209.525
160.09 194.687
160.072 16.0876
49.651 18.5031
77.7541 4.4774
189.083 170.116
79.3748 206.095
113.919 208.363
151.606 12.5767
165.661 190.171
73.7167 205.016
15.1209 54.1038
0.832167 115.609
129.117 4.91911
113.455 3.67602
203.594 67.5743
3.39308 96.799
26.2653 38.3063
155.82 197.357
198.84 149.787
17.9945 50.6997
11.5392 64.3838
210.607 106.074
4.14158 84.5873
58.7833 197.267
31.1615 35.1702
209.073 107.482
17.3967 55.1345
3.59975 114.352
97.9479 210.897
149.349 200.431
67.2668 204.003
27.324 35.8148
40.1633 25.0594
180.609 35.6213
31.489 178.983
12.4202 61.8298
24.4128 172.818
208.191 122.239
199.025 62.6327
97.0834 209.913
193.42 51.0632
4.37676 125.638
0.877621 117.439
2.0579 115.936
39.8902 24.4198
103.079 208.276
170.57 22.4322
208.852 118.348
15.4075 58.4592
3.06623 111.864
203.889 70.7762
195.752 157.937
83.6812 208.856
184.099 176.026
210.196 89.4821
144.069 201.063
67.4368 204.276
45.0193 19.7626
8.14954 65.9895
137.606 203.503
190.704 167.158
12.0804 59.2641
111.527 211.415
156.225 15.3502
207.154 121.853
197.545 153.051
28.4597 177.269
181.923 178.158
108.904 210.683
7.33715 136.92
192.056 44.4139
121.924 1.345
158.78 14.2814
104.997 209.502
53.8022 194.131
100.101 211.2
68.2369 204.067
37.8653 26.3619
205.674 78.9247
205.461 137.1
136.911 6.2341
196.898 156.471
1.24197 95.5047
34.4137 181.873
205.119 72.4857
172.286 188.119
163.589 193.434
144.092 203.088
199.775 57.593
25.7433 170.535
196.323 54.4168
172.253 23.2629
186.734 42.7888
148.795 202.444
4.50474 125.483
183.482 33.8439
128.782 206.552
166.168 189.622
122.994 207.006
1.56502 115.578
208.425 98.1421
153.621 15.3393
142.502 7.78343
91.6852 208.557
0.630825 111.887
197.636 55.9301
116.454 3.53122
109.325 211.442
207.203 87.6535
204.578 133.939
19.9139 45.3
208.731 125.472
27.24 38.3779
2.41568 116.888
117.273 3.71542
10.7652 62.5649
4.00747 95.3245
160.444 195.017
193.78 163.106
95.0508 211.475
209.83 103.891
208.652 121.074
110.119 1.81871
198.685 58.1346
200.969 144.097
52.5721 195.854
107.656 208.566
209.729 100.47
21.0282 46.1458
58.1607 12.6058
32.8663 179.414
104.197 211.444
4.32322 82.1684
58.4636 199.682
210.576 89.1258
68.493 204.143
178.353 29.4319
29.4466 36.4239
161.738 192.727
204.937 72.8998
48.0694 20.0422
70.5414 205.543
46.2141 22.8686
88.3973 2.24804
9.6386 71.5418
205.085 68.9856
176.995 184.432
116.745 208.397
35.5514 184.682
0.813251 113.405
10.1195 148.847
20.7264 48.6802
188.763 43.3581
208.64 89.8889
110.573 211.835
195.299 51.5296
206.765 83.0812
80.5519 3.5018
44.6734 188.212
67.7038 9.72023
66.4247 10.3978
184.07 39.6867
192.683 163.576
4.09106 95.0229
92.0835 209.656
140.615 9.24091
201.438 145.272
175.287 185.139
198.884 154.239
210.478 124.533
19.4738 164.363
53.4656 17.0713
23.2422 42.9512
0.283139 100.608
143.513 201.29
3.27169 126.915
71.8264 5.88925
169.468 190.154
18.2687 163.961
154.081 13.3963
191.523 45.3931
130.64 207.475
87.1059 206.882
5.7529 137.72
53.0279 193.842
43.5635 23.929
12.0536 151.058
8.14141 138.345
164.499 17.6498
206.977 74.067
41.6308 25.6553
157.179 197.885
12.1175 63.4627
16.9869 51.5142
8.25591 76.3917
133.914 204.559
177.864 181.334
177.593 179.766
4.38019 117.354
86.0069 206.778
134.677 4.27824
150.98 11.0806
173.875 29.0312
94.8467 3.44649
13.5173 54.9636
142.837 204.84
72.9374 9.33553
128.38 2.40318
7.13295 76.21
141.59 8.80775
22.2736 171.08
158.829 14.9118
6.47874 73.1559
9.39954 72.5498
93.317 4.38711
50.1445 19.1908
145.673 11.5136
206.979 82.2583
209.865 95.0224
67.9443 201.852
194.632 161.341
34.5276 182.585
154.341 12.8381
33.6194 31.0402
99.891 208.99
196.95 56.3836
204.729 136.965
204.849 143.144
168.53 189.648
101.435 210.821
130.815 5.82391
185.317 37.7205
121.737 2.1681
142.709 204.325
27.3323 175.841
190.735 168.726
210.394 95.3669
75.1235 4.70526
195.139 53.6147
1.64777 97.0122
99.1946 209.252
21.149 167.192
210.686 117.001
85.055 207.161
29.5221 177.213
208.813 109.75
199.742 56.4995
189.44 167.998
12.1962 60.6862
174.23 27.2968
162.473 192.731
204.156 69.1476
196.819 156.252
37.1426 28.666
118.089 208.351
30.8821 178.671
6.19922 135.845
113.157 211.406
207.615 89.0517
205.346 75.0802
83.5581 207.306
176.607 29.5158
182.204 37.7704
210.603 113.778
85.1092 206.664
6.66605 142.675
11.8092 153.314
191.939 168.108
38.7723 29.0619
0.941562 110.055
110.033 208.255
151.222 199.605
67.1401 201.462
37.282 28.2084
76.3857 205.595
178.783 180.785
129.073 5.60871
202.842 142.976
8.44031 67.4298
201.399 62.7594
204.774 136.954
3.50985 101.008
210.046 96.4312
92.55 210.953
199.437 56.7423
200.719 66.76
8.98784 63.4165
209.704 114.237
95.5706 211.202
8.24187 69.5124
137.957 206.902
5.69364 75.5432
152.905 12.2654
161.754 194.393
209.281 93.115
7.77198 75.6703
204.532 73.7262
0.491867 100.109
210.045 89.8284
17.6681 161.944
11.8496 154.409
3.5323 126.659
35.0962 183.79
3.04677 90.5695
172.859 183.639
103.406 208.435
194.172 50.6278
211.219 107.951
2.10952 96.0959
20.8989 48.883
207.891 118.971
164.614 193.036
209.981 108.829
152.57 198.67
109.51 0.279194
129.23 206.019
126.006 4.09661
87.7118 3.81265
105.607 208.353
14.5999 57.4501
172.38 28.1882
177.458 30.5457
60.2344 13.5106
57.9358 198.434
130.251 208.544
108.306 3.32788
132.776 205.191
124.888 4.96973
1.15109 119.482
188.438 168.753
43.0098 186.767
150.453 200.165
38.7142 184.546
48.0316 18.222
175.624 181.19
7.3913 142.888
54.8792 194.529
22.0855 41.5694
161.5 193.496
208.739 114.858
137.194 7.15335
63.2488 11.8491
4.56219 89.6341
4.88829 74.8627
88.3349 209.398
189.099 43.3001
88.2531 209.705
133.098 5.70432
1.20456 117.586
76.6776 8.06414
23.9006 43.7335
189.898 165.519
211.308 117.023
68.0614 7.78688
83.3393 206.023
201.301 149.44
197.092 158.286
32.561 31.6476
3.7585 126.282
71.6825 9.18232
46.5405 19.8499
62.0604 12.9535
163.608 194.186
1.8793 100.76
165.667 18.3924
103.356 210.043
195.969 52.3177
171.044 24.1986
157.571 198.029
160.386 193.332
194.282 50.0996
5.57793 130.228
208.762 126.975
108.602 210.992
58.5075 197.32
174.631 27.3355
143.431 202.863
24.2333 42.8409
7.93729 135.377
175.48 29.8098
197.195 158.156
202.742 71.5356
183.144 37.9479
24.1974 172.172
211.031 93.8669
181.61 177.236
46.8723 18.5982
184.424 174.345
211.871 112.214
78.9603 207.944
54.0014 194.345
206.125 137.785
10.664 152.246
74.1068 5.6043
190.169 164.583
43.4578 21.6741
34.5567 29.0144
196.639 155.027
209.123 80.9853
64.2191 9.31357
89.1005 3.94797
198.64 55.5133
42.6944 187.583
43.0895 22.4821
21.7828 169.415
41.935 22.4425
87.4544 1.81886
65.0382 201.77
211.514 108.582
204.352 76.0824
42.7926 24.3847
176.121 185.507
124.754 209.494
16.8361 51.8617
207.318 89.325
135.602 207.363
3.41489 89.83
15.4446 56.397
55.0733 14.5078
91.9004 210.105
3.76663 102.625
174.74 184.576
207.765 133.582
210.552 87.932
192.873 166.505
165.699 22.3843
208.65 117.593
196.568 158.268
35.0642 29.1403
114.312 0.460473
52.0408 193.333
201.516 149.243
146.863 11.4288
209.214 100.873
38.545 28.0769
198.388 156.51
110.721 3.6259
209.363 108.168
6.18058 75.2316
25.0597 173.797
108.749 2.97245
151.178 10.5815
28.2098 175.583
197.527 154.232
196.135 160.405
45.7842 18.8045
98.826 2.48834
164.27 193.654
116.07 3.87499
65.9512 201.892
162.612 18.2223
210.591 106.838
210.29 102.663
205.668 74.556
6.34946 131.087
35.4879 181.102
0.58555 103.317
190.359 165.72
174.368 187.108
68.1172 204.677
25.2065 169.219
3.13501 105.955
101.849 208.309
174.19 26.1473
113.715 209.904
146.065 11.467
59.3687 12.8751
6.79306 70.8978
88.6805 210.282
2.91522 121.604
180.872 177.062
149.13 200.393
121.06 2.11998
109.93 211.399
208.762 95.774
87.9242 3.4208
15.2419 56.9615
11.9154 62.1902
149.443 199.196
11.2357 64.4427
210.522 103.5
120.75 4.69743
29.7354 36.7874
209.579 127.907
177.651 29.0857
124.818 5.45196
11.0346 149.349
2.07382 92.7646
8.09866 65.6753
3.07978 95.9932
211.834 102.304
48.918 20.9353
189.456 44.5807
50.9183 196.332
57.5336 196.788
189.009 44.2434
205.892 82.2434
16.1359 55.2756
80.5379 6.45559
35.1586 183.032
162.853 193.326
65.1193 8.60265
175.108 29.8445
56.6859 13.2698
143.671 201.625
177.342 29.3625
202.963 65.8288
6.25075 74.7025
196.464 161.365
1.88652 122.851
141.974 205.462
20.8891 164.229
78.0148 206.57
54.1416 17.7397
194.015 160.896
204.567 69.769
10.7674 148.091
0.619931 111.689
211.322 97.9625
168.585 24.2451
7.91163 73.9133
49.4895 194.884
207.584 77.5724
149.068 202.993
68.1734 7.33933
162.526 194.16
210.746 91.1536
1.70802 109.105
33.4002 33.3214
20.546 49.5152
190.91 42.4362
168.93 22.8022
24.1407 171.339
131.922 5.34745
149.854 13.1927
91.6893 2.89583
205.966 75.059
148.567 202.06
0.846704 111.103
149.86 202.282
188.205 167.067
6.38725 141.483
45.4505 192.13
208.566 78.9751
208.027 76.9116
116.449 209.953
12.0222 62.7599
203.529 65.6622
77.1244 5.11026
195.401 156.781
2.7504 107.735
0.586537 113.83
205.943 136.346
96.9816 209.23
166.398 190.467
1.3545 116.489
55.4656 197.571
193.926 51.5768
208.285 104.899
179.798 30.6806
5.54534 79.5717
20.7377 168.429
136.843 6.31945
57.3943 198.125
16.4438 54.9373
23.2395 171.535
5.16959 87.6559
57.4601 15.7953
88.0787 209.216
189.037 43.9929
32.6756 178.129
45.0856 22.5003
16.5546 158.032
57.3018 15.6059
162.582 20.3721
29.9801 37.428
210.737 97.7006
2.25712 98.9827
166.646 192.074
72.1177 8.90163
2.25685 124.715
192.815 161.185
207.097 90.5723
13.4104 57.021
2.66491 109.361
206.657 82.8566
1.44898 109.151
16.9972 160.874
174.22 26.345
3.5469 99.543
21.9482 47.6928
144.291 9.5156
114.142 211.456
208.298 106.677
12.8995 57.2771
104.54 0.72927
159.176 194.218
17.5439 52.2137
124.864 3.06542
98.563 209.106
10.3953 143.253
3.64213 102.021
179.812 33.3372
134.859 7.99322
2.98113 113.786
143.704 7.41162
58.0607 197.942
138.068 6.19754
86.775 207.141
173.739 27.1234
77.5167 204.851
184.646 35.7942
122.154 208.919
165.463 192.65
14.4871 158.577
206.167 138.329
197.687 56.1714
144.425 202.664
94.7436 1.0244
157.63 15.5607
190.141 165.353
204.294 143.436
66.778 11.5557
30.971 35.0568
32.9656 30.671
18.2379 163.702
73.2527 206.564
21.1905 164.859
146.79 200.857
107.736 0.410704
6.43886 130.688
26.5377 39.5681
29.1622 35.1948
32.064 178.258
184.821 175.35
14.9814 58.2412
88.6911 207.802
44.1591 21.9374
52.1929 18.0097
205.182 68.7117
57.4353 15.3583
63.3932 202.223
133.126 207.533
8.01766 137.634
145.097 9.00256
165.535 18.9231
45.1981 191.618
75.2702 206.471
105.608 210.004
193.499 163.687
104.328 3.6117
41.042 23.3215
41.6646 24.3451
54.9121 195.998
209.178 109.105
188.079 41.9952
4.99716 129.638
156.957 17.2001
31.5499 179.247
33.1412 181.838
198.476 151.374
87.6505 208.989
211.223 104.305
54.8506 197.73
196.261 154.283
12.3375 56.4989
13.1129 154.405
167.901 189.003
25.7817 174.947
209.058 119.632
103.933 0.272367
6.75835 78.8088
3.45117 131.8
12.8124 57.213
128.886 5.98144
208.584 114.955
192.052 162.768
98.2666 208.772
192.369 165.726
41.7197 185.802
90.773 4.83553
20.0963 49.6475
184.277 37.825
1.91134 105.182
91.905 3.01727
191.134 43.3183
100.073 1.66352
137.102 5.34083
8.29557 139.71
6.21034 73.2692
194.558 53.3105
5.12054 78.715
178.331 30.8278
173.465 185.967
210.926 104.986
39.3007 187.592
49.571 20.8917
23.1596 167.146
33.4923 178.822
90.6886 207.435
19.7061 46.2987
68.337 8.53852
4.55889 84.3007
208.753 86.9501
202.765 145.613
178.616 181.887
40.5399 26.4733
59.4786 13.4134
114.169 209.196
209.947 106.914
160.171 17.1854
54.6517 14.4703
8.59127 137.444
38.0139 183.967
158.56 16.9446
95.5914 4.37696
4.11346 114.763
81.3947 6.49944
48.6265 193.76
140.452 8.14353
204.573 138.081
197.425 53.7274
56.0831 195.964
3.0295 93.5891
203.158 71.3044
208.552 106.388
209.289 109.166
95.0414 2.38482
111.395 3.30476
135.733 207.896
151.877 12.6814
120.871 208.064
77.9714 7.16766
24.4906 42.4745
181.601 35.5864
103.685 209.537
125.448 5.03075
177.631 181.623
170.691 22.0527
184.628 173.566
106.6 211.568
188.405 170.447
190.969 42.5894
24.3862 44.1308
20.8372 48.0492
5.34524 88.3209
153.389 199.106
1.85912 111.213
75.5838 206.458
70.0753 7.21319
9.5047 68.3125
75.0918 7.14416
31.0982 180.704
53.5874 17.0402
21.5334 166.429
117.335 209.777
96.3396 1.42288
144.952 202.118
36.496 27.0996
208.716 83.9961
119.671 3.27712
188.175 171.785
174.618 183.885
54.9171 14.6069
17.7173 162.194
152.748 14.9448
207.58 123.206
10.7895 147.967
202.349 64.8728
164.109 192.401
1.35836 121.271
185.205 41.3464
45.8191 191.273
6.90946 71.4489
202.387 146.84
104.534 211.415
209.642 103.257
104.481 3.36487
117.436 210.033
118.155 209.291
201.603 60.1978
200.576 63.7833
155.751 196.987
207.32 127.752
3.59275 115.639
80.9883 208.251
87.7598 4.55848
109.411 3.52883
149.449 12.0886
2.80681 92.075
206.914 135.26
38.7842 26.1562
78.7347 205.617
198.976 56.6899
180.453 178.782
73.0956 203.199
128.375 2.89598
159.862 19.022
120.658 4.49518
99.5911 211.324
195.514 160.43
131.658 205.292
159.174 17.4195
6.04374 83.4754
22.2422 165.065
93.6359 1.00284
193.7 164.449
178.715 181.256
200.872 150.684
131.77 3.57713
24.1744 170.368
51.1366 18.1621
165.054 190.106
209.68 86.0556
205.318 131.385
101.824 2.51233
202.871 68.6739
66.0891 8.27456
154.178 198.921
209.058 115.274
71.0529 205.096
20.1268 162.387
192.356 167.341
160.798 19.1668
188.915 169.799
22.9729 44.676
171.793 186.114
28.5384 176.088
194.326 161.486
167.153 188.146
150.2 11.3895
209.113 115.088
31.5894 32.8022
70.0755 10.0768
202.949 72.7465
54.7648 197.772
2.55891 128.838
36.7839 26.9898
207.245 85.3674
73.5863 8.84114
7.89121 138.614
174.045 183.568
178.196 181.583
210.331 115.656
208.968 119.854
59.1346 199.491
157.167 17.2431
39.4798 185.256
73.2279 204.378
77.5139 205.081
208.118 77.3281
171.647 188.534
18.2276 165.44
200.661 149.547
191.206 46.2721
32.6513 33.6341
158.244 194.126
117.722 208.829
157.7 195.596
8.06136 141.945
210.781 112.004
177.779 29.458
94.9268 209.346
122.414 210.275
208.792 118.441
140.56 7.32883
154.993 15.5282
175.428 26.3064
182.726 32.8003
100.053 210.529
203.445 65.4613
128.096 4.21023
115.609 3.1506
196.088 160.962
50.0746 17.9029
106.423 210.378
141.87 205.415
80.108 207.867
192.627 48.4125
20.054 167.442
61.8768 12.999
182.975 173.441
163.088 195.404
130.821 208.227
210.285 106.005
29.4 175.607
150.821 10.1905
134.581 4.14795
194.227 158.966
208.15 121.18
207.602 79.5588
78.6889 204.663
201.683 64.5496
210.639 105.124
88.9765 1.93592
207.428 122.422
51.1101 19.831
164.05 194.378
206.94 134.221
111.942 210.434
166.963 20.2534
137.686 206.469
62.2239 11.8014
151.073 12.5087
191.009 164.877
10.4051 146.87
119.412 1.03488
115.574 209.018
1.06899 107.731
1.72974 115.854
61.3022 198.079
51.113 19.7307
154.437 196.515
193.713 51.3311
210.018 103.977
202.326 61.9
16.1813 53.7205
19.4749 45.5368
206.985 126.857
68.4236 204.613
169.391 23.576
159.281 196.296
205.579 72.5139
210.839 118.154
99.075 2.92011
182.276 37.8696
124.624 208.217
2.90795 99.5677
203.139 72.2565
183.785 36.2787
180.278 35.2518
199.818 59.0897
72.7708 8.53167
185.236 174.9
54.1495 15.0089
179.921 180.592
64.7266 9.80263
171.192 185.54
155.347 14.3189
179.066 181.761
35.8777 27.1604
75.4351 4.67051
129.268 206.577
61.289 13.1503
32.8878 33.9368
165.894 21.8549
211.506 112.881
76.9902 4.38291
1.47346 118.98
62.171 198.462
153.376 12.2874
171.825 26.2989
117.558 1.58611
142.835 9.23139
26.1401 38.3506
176.984 28.8236
51.9576 194.888
7.37922 137.325
208.577 82.532
123.722 207.859
5.86073 129.758
163.136 18.1985
178.624 181.858
133.637 206.278
189.025 167.609
193.596 46.1948
123.224 210.454
2.57392 123.038
84.8384 4.44497
144.586 202.808
179.017 181.996
42.8407 21.8809
34.1859 30.7841
164.787 19.4194
98.1414 210.185
72.4627 204.273
125.736 209.487
74.6817 204.383
130.222 207.369
50.5651 192.02
202.143 70.9253
72.9202 204.398
81.5269 205.345
95.1562 3.07037
7.15735 73.4599
21.2245 49.0407
1.58425 109.176
156.224 14.7983
187.872 169.834
55.4456 197.092
1.09707 101.596
171.935 24.8544
34.8102 30.7998
167.511 192.306
207.966 132.304
40.6449 188.218
184.707 37.1962
