2500 2500
122.994 105.23
102.632 103.653
159.914 126.282
46.6586 137.011
180.362 56.458
80.9616 68.8621
50.9112 187.902
80.6756 115.266
77.884 27.134
92.2826 163.589
92.4787 98.6779
142.344 153.705
121.869 108.056
83.5055 51.7621
143.183 88.2538
113.096 123.793
103.817 156.521
209.621 96.586
97.9198 91.2337
148.913 36.815
118.592 119.41
130.965 83.5131
69.1818 126.989
51.3689 107.77
106.672 93.8369
109.482 120.941
89.0088 94.3296
164.727 38.5897
51.6925 92.0025
148.239 143.725
135.737 9.74028
78.1714 96.3966
138.035 106.616
108.436 113.087
101.772 108.659
26.6942 157.622
77.4073 29.2457
114.028 106.348
92.6091 80.2408
59.6848 189.913
113.979 83.3681
105.271 42.3301
145.901 164.308
42.1583 111.846
103.991 101.298
100.2 30.7318
75.5805 157.569
162.595 16.6936
58.7071 29.198
134.278 27.6814
119.702 65.3249
160.598 143.944
26.3107 68.4865
45.1289 124.319
50.6862 161.827
96.9725 100.277
188.094 168.142
88.184 82.8874
64.0404 84.6754
91.2811 34.7275
122.169 5.48601
157.41 90.1329
111.169 96.3727
98.113 157.123
70.177 161.662
181.451 141.673
155.768 124.522
85.0966 68.6593
43.0195 111.134
93.5528 76.1119
102.486 104.637
178.151 162.041
70.948 125.489
8.43039 137.359
66.0421 117.94
138.168 48.2077
133.103 106.705
66.5469 78.832
179.326 179.837
133.513 127.978
81.2449 151.906
94.4429 90.3624
95.5933 72.552
126.963 103.872
101.029 114.717
176.886 177.733
106.573 54.2884
48.9154 126.941
105.491 105.271
183.565 102.614
164.56 84.2341
78.0111 156.258
87.8929 200.957
101.83 37.547
97.9322 88.7075
157.815 175.152
117.601 170.761
103.362 98.3449
33.27 104.901
28.1714 79.467
127.64 62.1501
85.5975 113.579
58.7701 67.5217
146.385 79.7746
102.862 63.2624
94.1337 204.903
104.509 130.183
139.422 23.1658
198.705 79.5618
60.9565 163.092
168.759 73.7005
107.054 106.282
77.7919 12.134
44.2929 119.475
153.353 70.6566
4.88011 136.816
180.392 69.2206
179.09 64.7126
40.0155 82.8452
106.021 90.9864
23.2623 118.47
72.4036 110.977
130.479 88.8242
71.8128 159.91
115.34 64.6861
12.9097 132.246
142.004 66.5287
94.7768 146.008
84.7286 108.815
56.3163 104.04
110.502 105.973
83.9673 42.2181
73.3211 51.222
85.4672 151.179
159.91 151.778
169.275 166.765
43.3113 65.6686
103.828 111.115
100.746 117.903
94.9914 143.004
170.582 104.454
104.675 10.7667
144.938 78.5082
119.932 158.709
161.642 30.3476
105.865 103.411
150.148 135.491
159.603 26.9363
171.268 87.7453
82.5487 116.757
71.7544 40.7841
63.2701 150.527
135.313 115.552
46.4229 76.8187
122.053 76.1391
42.8851 54.668
206.77 92.9538
116.106 129.065
22.9346 81.1963
81.3448 53.3557
104.702 70.0428
193.03 89.4871
155.672 89.2029
208.195 97.0026
124.518 146.02
119.027 31.3399
58.629 103.163
24.27 105.742
54.6091 66.8659
32.6739 142.27
22.7147 112.016
106.121 106.095
140.564 165.961
99.7857 111.419
114.104 81.6815
105.712 113.845
103.04 78.8364
40.7766 107.938
168.353 24.8577
93.0121 42.3945
59.0838 139.411
166.472 192.546
56.9089 83.5638
128.338 68.37
103.157 92.3879
35.7833 43.8382
42.642 108.369
93.6746 168.331
96.29 150.721
192.846 94.9672
141.587 115.642
63.3234 138.366
177.163 118.897
148.722 43.9344
137.769 144.196
140.909 124.399
155.01 99.5758
112.878 141.204
97.1326 103.082
148.882 93.9644
149.948 162.378
106.693 121.186
150.59 100.95
167.241 166.641
107.425 67.446
105.419 105.825
63.7019 120.863
116.885 204.31
89.065 2.21185
42.9391 39.3539
112.7 118.178
103.352 106.495
27.788 145.933
104.201 141.918
53.6921 154.052
74.3506 37.7375
150.169 155.61
117.841 114.488
88.6878 159.903
111.167 172.971
113.359 82.3823
123.634 23.7636
92.2893 83.0523
5.81926 133.319
112.498 119.686
109.798 115.399
108.535 102.836
79.8098 50.2152
114.847 87.7107
90.555 119.12
31.8039 131.305
131.512 69.3219
111.227 120.181
23.8449 158.249
82.7499 74.2139
103.773 63.9485
84.8467 122.749
174.946 143.602
152.665 78.1868
192.859 120.309
80.4095 72.4278
133.526 48.1372
106.812 111.021
122.397 151.284
35.0391 149.203
153.77 68.3122
83.2684 20.0483
159.748 170.323
86.1868 130.662
75.013 172.056
59.2232 197.69
112.41 165.444
144.105 138.269
107.08 111.591
111.583 98.7403
140.589 47.1425
106.349 130.415
62.5657 124.122
106.041 72.4169
117.614 61.7181
42.7608 175.423
42.4962 168.179
102.094 97.348
104.898 113.312
105.911 104.83
130.231 192.719
103.378 115.417
136.102 52.0665
89.2588 115.364
80.7273 161.853
17.6036 148.858
156.173 173.044
141.19 120.668
103.184 105.224
147.759 91.8536
74.5522 148.63
172.14 168.953
133.424 132.296
166.422 190.234
176.88 151.654
143.955 188.343
112.992 78.432
70.0903 47.1799
134.365 106.702
80.0911 109.345
161.403 156.391
58.6524 118.434
115.067 102.012
76.8817 114.417
170.51 53.0302
38.9492 99.1386
165.576 100.78
85.7336 100.406
82.6879 36.0774
115.974 75.7653
156.128 30.1493
162.221 120.55
119.195 52.8697
97.055 102.345
165.977 149.133
40.1395 28.3246
170.775 90.8787
152.912 183.961
14.6673 77.7979
116.438 177.564
206.061 102.345
92.0793 160.599
26.8422 61.7062
139.688 112.923
82.4211 62.6079
55.3806 128.391
77.8401 60.0157
46.8658 160.604
100.658 109.081
143.685 80.4823
88.2293 89.6355
114.65 85.8711
88.3307 50.9612
33.5503 170.646
134.413 67.9552
103.631 102.677
33.2911 89.4061
137.371 50.1533
108.672 77.9797
69.5545 199.393
68.0396 70.7036
180.637 68.2783
108.967 184.395
52.8895 103.594
90.7399 115.463
174.631 65.3505
155.886 156.368
177.429 30.1066
93.3726 27.3128
71.7248 8.65566
20.4564 165.886
25.2695 126.13
14.3737 76.4645
148.692 16.4424
177.071 74.1035
163.333 150.54
133.491 108.825
170.934 25.1593
67.2293 132.522
56.4765 169.349
18.227 112.011
90.4738 186.236
101.159 86.8564
108.051 99.6231
34.3199 140.413
45.539 120.578
147.134 113.651
100.837 102.424
158.938 39.9905
53.1165 87.532
124.984 66.0246
42.8329 23.6546
92.436 133.722
62.6713 200.111
101.333 47.0912
132.195 24.5346
99.3785 102.213
96.9934 91.6306
102.293 171.648
19.0399 61.2236
124.15 153.887
110.428 109.735
46.6915 25.4653
97.0706 112.928
81.6306 78.2871
97.6813 50.5388
105.499 106.241
6.21017 120.713
99.8945 102.297
89.7859 106.929
64.5964 73.0208
138.628 146.568
107.693 100.283
125.24 54.4764
105.923 106.077
171.856 103.442
184.995 70.4099
107.318 129.97
102.646 141.569
112.203 75.8914
109.317 109.029
166.221 108.754
120.713 184.667
150.368 36.2545
10.3114 87.1265
124.417 186.721
113.348 106.055
122.477 111.641
47.0604 184.296
176.34 178.125
65.6688 128.954
25.3901 148.794
176.161 97.674
95.9693 145.527
111.75 68.5575
150.312 139.291
62.5186 119.95
127.458 115.7
141.485 88.9567
64.9749 54.608
4.88742 126.352
99.1656 120.864
66.2491 110.273
93.1548 41.2995
170.906 149.463
164.394 131.422
136.433 179.876
150.492 120.588
96.2777 105.878
75.1348 169.755
126.392 84.5142
150.699 67.1442
133.421 74.2583
39.9408 157.104
124.603 89.2478
130.566 79.3515
126.179 146.924
119.125 130.029
56.8705 144.817
110.907 114.763
65.7507 133.628
98.693 52.9706
90.1415 103.277
130.616 157.725
69.8129 157.138
106.007 106.03
125.722 98.1413
88.5881 70.1331
80.5197 109.719
101.659 41.9054
80.6503 114.178
106.699 38.6519
105.33 114.275
103.269 111.387
168.11 143.492
121.876 154.705
83.5605 58.0141
180.948 49.6837
148.684 199.953
74.5452 80.0767
106.151 106.415
113.951 104.808
102.099 81.9998
106.489 160.549
129.367 136.286
109.99 106.729
74.559 72.7641
89.9705 103.483
105.524 53.6813
67.9946 187.302
184.667 126.381
209.1 101.876
134.837 120.823
29.5875 72.6989
45.6741 163.155
106.457 105.317
127.181 191.117
122.633 116.791
135.582 191.227
92.478 21.1447
107.699 201.718
86.5753 152.787
59.0781 185.523
70.5986 142.212
127.702 143.484
109.004 110.248
104.995 102.667
77.2291 89.1483
84.7987 139.791
146.505 92.7956
117.082 156.259
47.4607 107.971
56.3658 122.745
37.0641 124.985
72.3249 63.9436
80.5143 42.2096
131.484 119.763
155.479 101.132
117.248 56.1736
184.61 115.886
33.9579 132.074
111.311 72.6193
101.825 112.695
126.891 73.2922
112.274 101.678
71.5325 72.6178
140.488 154.272
67.6206 78.3552
109.326 110.943
109.398 83.8
111.551 145.624
170.296 52.3321
111.222 96.5534
73.2606 70.0597
97.999 10.2946
55.4252 29.6415
129.476 96.481
165.62 28.828
32.7864 69.716
31.5301 101.229
122.381 28.3168
101.158 100.131
86.3616 194.629
22.4951 166.514
101.369 99.7518
102.784 145.474
78.0004 140.513
94.8096 107.746
91.3451 123.948
43.5928 130.651
166.723 44.7103
80.3144 73.5343
142.838 165.302
101.725 148.069
125.396 148.744
46.7282 44.6651
29.8499 173.334
79.155 54.5095
149.948 80.6186
63.1283 63.5589
72.6563 62.604
120.132 102.644
37.2926 140.466
181.909 91.3696
89.5046 13.1178
41.3507 48.7883
105.605 106.476
160.335 17.4371
137.175 72.2007
152.872 21.3565
45.9407 132.778
139.363 63.717
121.371 95.8741
148.465 75.4013
117.045 100.466
104.94 108.886
70.8602 129.503
143.193 100.624
26.3448 155.62
93.7498 9.06594
101.65 133.779
117.638 49.5581
131.187 187.616
116.342 104.462
124.382 181.426
146.056 111.405
36.2502 117.936
42.1147 94.5234
113.235 94.7292
127.967 110.818
80.5344 18.9936
155.048 119.245
74.1169 29.0145
65.9437 156.728
92.8919 193.425
165.738 186.991
142.242 178.336
81.5736 137.961
191.331 108.628
41.2061 68.9211
28.482 128.517
74.6582 196.308
53.4305 85.6052
101.463 39.8053
135.332 145.566
102.172 127.199
146.978 169.754
114.922 106.484
106.335 105.959
156.354 72.2608
42.6546 59.634
192.479 149.789
141.809 172.906
95.1702 182.818
122.46 200.417
92.4273 46.2054
158.248 108.116
128.97 101.193
147.518 126.711
105.276 53.0946
91.4149 89.9363
79.3738 63.3663
91.5707 110.031
18.908 117.73
25.7643 155.973
104.331 99.1283
180.392 173.557
158.889 108.12
128.394 64.853
60.2357 110.928
98.7909 27.4217
141.278 121.866
152.419 195.539
103.868 157.822
60.9406 145.725
91.2846 106.608
110.6 112.514
190.926 48.4478
196.29 51.8854
124.672 135.808
118.396 125.338
6.8347 79.6053
117.053 128.3
190.706 120.402
137.014 206.727
94.0825 110.399
188.803 142.643
92.8091 129.511
107.705 47.7144
160.722 83.5524
26.7556 99.1718
117.787 35.6631
58.0546 83.7286
94.5707 15.7562
99.759 117.478
153.257 197.82
146.903 140.451
96.9294 88.4687
82.4269 141.543
31.8189 66.6027
115.049 13.2563
63.1488 136.645
64.767 122.888
115.375 89.7721
36.0335 98.2795
167.078 189.039
144.659 202.147
79.23 38.3904
126.684 94.6149
82.5544 73.3443
111.702 187.818
82.3925 119.382
79.7593 14.0513
73.796 109.349
16.4284 79.8139
154.392 97.1251
122.305 67.007
161.699 161.47
123.729 22.7387
80.0679 127.021
58.5058 192.567
145.348 127.56
122.873 117.81
134.212 137.516
124.212 47.9276
206.586 120.015
111.206 185.436
69.9219 22.3713
41.5026 101.397
107.485 108.448
152.175 126.481
119.646 85.7658
104.926 105.159
108.204 116.541
109.576 55.5691
104.464 103.795
179.162 157.825
122.831 4.5188
177.411 113.639
120.824 117.8
107.53 194.235
45.4362 53.5424
128.626 70.0676
155.937 106.55
74.379 107.585
121.445 101.85
94.8423 100.238
110.783 103.045
75.4619 112.234
84.1696 124.092
159.382 47.605
85.5394 121.329
104.422 132.905
98.9654 117.215
154.693 91.8628
149.696 135.51
103.626 160.029
167.116 45.0091
133.643 136.614
112.529 94.7562
177.221 90.2361
62.1431 178.783
67.7522 191.891
129.583 35.0837
77.9066 69.622
161.963 83.3816
158.559 166.439
112.872 21.3141
28.6867 148.301
59.0875 164.795
67.0809 50.3312
23.637 76.267
116.638 101.159
71.7545 206.11
105.443 106.974
108.6 49.653
103.909 106.683
188.063 101.428
172.129 167.451
119.496 168.73
147.249 101.977
107.141 153.063
138.611 123.041
139.818 39.6491
101.947 105.49
67.6308 87.0476
105.233 103.9
97.146 116.094
105.106 107.219
148.226 184.706
128.803 112.774
5.26811 100.935
105.796 105.262
128.917 63.3953
57.8159 90.0706
106.079 107.959
158.034 187.454
135.661 106.309
149.52 79.0691
104.169 100.966
52.7317 62.6666
167.649 157.054
159.101 167.78
121.238 93.2692
169.579 126.776
82.4641 144.004
166.653 167.238
174.976 110.992
161.129 87.4104
21.8959 159.64
175.906 72.5573
101.625 129.038
187.942 46.6003
94.7617 73.8871
53.1496 71.2914
15.5638 70.8464
21.4982 165.894
138.95 63.0976
63.705 123.537
176.334 72.2103
100.667 101.978
50.5642 18.9505
110.492 103.878
96.4513 33.0189
206.713 120.782
136.984 177.128
160.644 95.881
183.843 96.0345
109.943 106.805
108.363 124.829
117.415 129.179
29.3681 61.8574
87.0904 26.1477
86.8492 177.164
84.2757 76.1634
102.883 192.804
174.924 123.941
127.767 39.9426
106.961 105.781
144.999 140.205
122.994 168.334
201.166 59.327
78.1694 26.603
105.985 108.243
108.897 115.155
110.693 113.183
192.844 45.2659
132.591 172.462
156.6 48.0286
144.253 40.9052
4.50084 90.9961
105.736 115.618
127.149 132.286
138.826 197.907
51.2166 120.853
102.9 89.2658
103.722 115.636
106.466 110.203
99.3664 37.7992
116.86 117.515
178.083 65.7066
103.864 133.792
205.529 106.231
95.6608 145.854
93.0379 117.128
52.2998 67.6037
108.782 18.2319
91.0083 112.131
107.015 106.754
135.018 198.785
123.25 48.71
108.702 15.9532
127.686 107.765
70.7634 88.5093
28.7093 81.79
169.067 167.409
124.124 92.1371
103.651 114.815
21.055 85.3978
108.887 95.0857
77.2278 26.5743
58.549 191.593
126.907 78.9453
154.301 142.27
162.759 131.644
147.415 83.4438
42.2436 163.238
106.524 177.346
170.518 184.465
148.163 198.631
52.3587 149.78
50.8237 100.345
107.228 109.781
173.058 97.1686
84.219 99.3767
65.7752 185.403
99.2395 127.887
51.3722 66.5961
118.532 129.969
63.2154 47.1138
104.796 107.527
106.861 103.487
157.652 143.62
170.149 136.134
156.321 124.332
117.364 36.2361
128.767 112.253
127.309 130.102
147.359 32.2191
15.2315 53.3548
53.3526 156.434
98.4156 97.0664
123.56 100.696
103.781 127.001
106.559 105.628
47.11 177.106
136.055 198.094
64.5683 173.507
16.3427 87.1501
19.6662 56.9399
110.178 98.1067
32.0288 81.846
50.9632 183.612
53.6451 179.746
88.8535 98.3183
131.279 126.154
58.8305 106.589
105.729 155.024
67.8283 109.738
96.6315 85.7123
50.8026 185.146
82.7402 110.571
94.0886 75.3494
164.135 179.701
64.5219 139.269
51.272 131.218
86.7947 72.4557
136.51 129.646
124.589 16.811
84.9191 96.1333
116.995 107.922
98.5904 135.979
122.796 105.168
144.798 97.173
203.541 106.752
74.0857 127.175
120.623 127.819
130.183 47.3872
144.352 104.485
100.459 130.326
99.0484 68.3081
32.1877 73.6153
87.7026 111.265
171.567 49.5302
106.143 129.045
108.163 101.212
94.5359 166.342
198.55 108.762
134.891 81.5365
130.342 134.212
115.174 56.0746
114.259 11.2715
120.841 129.562
99.1999 115.908
101.589 45.655
135.725 46.0162
123.858 4.16162
166.745 192.533
98.873 114.939
136.624 48.0843
116.433 34.449
117.933 145.752
52.8881 158.118
116.76 66.8871
87.4535 146.297
149.625 53.5935
156.37 149.036
106.514 107.703
111.456 110.165
92.7641 126.957
101.478 108.401
113.273 91.0086
121.167 3.51996
144.701 178.176
33.2192 89.2741
71.3065 133.834
66.6916 145.144
88.5054 134.753
48.375 82.5635
129.106 137.025
103.396 110.032
24.9441 149.919
105.485 87.0896
134.653 42.3805
120.967 80.0076
80.4897 203.782
121.957 100.512
93.6365 165.523
119.422 169.138
84.6824 128.716
133.938 177.168
68.2242 27.7977
169.533 78.7245
113.962 153.304
155.935 176.626
128.476 92.3293
111.577 116.764
122.521 114.174
68.0848 92.3076
118.139 164.571
54.5473 131.764
61.3421 187.695
88.9417 121.307
94.2068 110.837
108.821 98.9385
112.18 205.286
135.051 75.5076
107.058 101.234
113.845 73.4199
60.2844 122.007
150.062 180.329
56.4868 74.771
107.496 105.768
108.943 95.5939
135.703 113.495
113.993 184.094
114.803 164.818
158.146 164.926
168.372 183.565
86.7089 106.715
108.449 106.775
151.563 144.279
61.2654 117.595
158.303 175.884
56.0734 104.165
115.803 155.359
86.5096 185.863
53.3594 117.989
169.872 135.231
106.267 103.195
124.657 143.24
143.166 96.7677
130.959 119.659
125.04 82.2023
126.218 75.295
183.837 68.2334
125.273 147.441
63.4413 156.419
167.094 52.71
43.7375 100.432
48.974 145.935
120.216 166.085
106.751 102.418
86.9079 126.049
150.531 66.6332
104.504 105.876
138.721 206.26
51.8746 129.604
151.496 150.195
105.213 94.8665
14.1026 74.0898
21.9965 67.068
29.322 119.714
185.857 172.075
129.251 199.183
153.287 120.464
61.0739 41.8276
158.364 34.9139
75.6834 79.6015
93.0529 74.5888
94.0999 99.03
71.9139 160.058
134.017 4.03596
114.367 178.586
4.23364 131.323
104.208 126.258
100.945 15.2333
122.161 90.9274
127.775 60.6235
105.652 54.8307
57.3282 198.416
152.076 96.9017
10.4315 78.9205
125.838 103.703
74.6994 49.8413
100.396 104.79
106.85 105.263
134.097 130.749
90.9293 115.271
108.056 128.345
34.5464 91.9062
105.924 107.839
133.344 199.224
148.421 92.7167
170.205 58.7689
98.72 21.0755
114.248 81.4225
57.0265 99.6994
118.116 29.3011
181.152 76.8628
147.506 181.011
123.13 190.324
170.747 86.4651
99.5524 114.095
85.2883 84.5666
130.551 110.829
62.5915 157.095
161.728 101.406
119.228 117.402
188.041 159.51
103.87 64.4607
78.3784 68.4305
60.0632 28.8131
98.612 3.12734
15.6166 138.388
58.1374 169.244
48.7926 66.3933
13.6884 68.8799
112.293 77.7239
153.276 163.592
202.708 131.345
100.618 99.4111
109.947 106.71
72.6537 83.0215
90.8645 122.325
113.562 78.0461
85.7532 106.49
171.96 86.993
114.084 155.443
180.17 148.122
109.704 66.7521
125.96 71.4804
114.095 111.483
91.119 142.505
85.8406 111.6
67.8119 62.6292
108.224 126.424
124.212 186.378
156.16 173.235
126.479 115.349
169.619 64.4954
89.0306 136.848
92.7531 121.707
17.2642 159.769
59.2039 20.2406
105.054 112.883
140.805 147.063
132.873 9.63153
59.269 31.5039
134.704 104.168
110.37 134.443
52.917 96.7577
73.5034 120.901
50.9608 70.7247
127.371 8.69978
85.1337 84.7897
200.181 112.788
91.5426 84.9317
26.3912 44.1916
40.4404 79.7123
85.6833 33.3736
66.3967 68.9483
56.2212 146.709
105.059 135.292
20.6219 133.887
83.0124 73.35
114.422 108.764
106.727 101.481
133.282 72.5836
85.6696 189.47
108.913 94.9316
24.8233 137.415
34.524 162.099
160.481 83.1599
110.972 49.9506
28.6948 102.937
147.964 92.3501
38.8933 132.76
101.977 154.369
197.934 83.1876
103.66 118.185
95.2031 197.933
138.41 116.812
113.401 133.82
135.09 162.678
74.5909 107.199
89.1565 148.334
130.451 97.4261
106.399 110.455
113.404 142.278
159.481 89.0067
107.448 94.3378
149.132 180.307
165.481 64.5725
119.304 77.332
194.092 113.899
84.8848 186.629
142.587 135.167
45.3075 148.221
30.0054 38.989
75.2835 164.562
86.4056 164.754
72.6768 68.5457
188.594 77.3163
200.853 151.05
98.5046 121.885
132.266 91.2724
122.668 119.661
127.245 141.356
48.2465 29.0754
106.838 111.353
196.695 68.8862
86.5545 2.06143
156.196 41.6718
138.379 165.784
209.423 101.804
113.193 110.115
196.211 113.148
78.139 119.302
61.2212 131.79
29.4209 66.9717
190.514 139.89
70.7342 35.7579
186.964 52.0027
108.785 103.99
119.048 34.7765
108.259 92.1414
170.571 60.5156
76.2844 179.064
73.5711 167.789
120.523 145.422
105.37 111.145
140.57 160.918
109.103 108.448
94.6178 192.242
159.501 19.1159
126.749 69.9886
112.115 121.394
156.315 155.335
37.8517 71.8451
90.8468 113.08
179.681 139.19
105.41 109.329
55.1343 30.0939
86.2278 107.293
80.2134 30.8147
136.92 181.48
192.588 83.1849
93.6175 87.7753
100.502 68.4026
107.425 118.183
174.612 81.1467
133.628 15.0623
100.524 83.1007
160.445 105.856
126.951 29.9154
112.43 77.5641
105.543 95.3475
112.441 105.719
103.028 123.935
183.035 106.269
164.559 146.779
61.2146 184.318
181.08 145.311
123.914 32.6259
92.589 164.638
126.671 127.823
111.059 104.949
145.109 149.449
78.1739 119.965
172.272 47.4678
20.857 50.3062
101.058 113.097
125.054 168.005
133.361 103.272
76.747 134.486
82.2155 6.70847
105.677 110.03
145.439 179.426
95.6552 97.1111
33.374 129.234
128.505 73.2298
178.97 180.215
64.2806 32.9859
122.24 95.2177
148.196 147.117
75.2462 60.4113
104.305 103.09
152.124 64.9443
131.54 132.591
72.7197 111.573
160.881 69.7107
159.159 109.27
142.861 169.25
102.326 155.177
54.8407 65.0374
44.0238 127.249
44.7257 136.792
105.949 106.223
155.507 129.451
129.783 146.572
137.133 166.81
91.5398 73.1102
133.197 188.721
132.293 51.7237
147.382 147.532
107.78 63.8005
34.0807 150.091
85.5009 168.582
135.226 153.945
182.557 100.535
105.764 100.898
113.924 101.042
70.7166 31.4177
169.412 59.5461
100.039 172.165
198.58 63.1114
165.297 155.456
101.166 186.306
125.479 89.5018
111.961 94.357
91.8562 120.652
85.9565 36.2539
114.058 96.7854
129.553 188.828
107.73 14.721
122.544 90.2136
130.54 95.4048
88.5388 88.9593
162.847 161.445
149.984 193.34
7.79568 104.308
149.812 125.518
51.0359 119.049
126.496 70.2194
108.363 119.359
105.136 76.1462
159.698 78.4603
115.058 111.209
65.6352 173.134
153.825 44.0604
86.98 74.6305
69.2258 102.116
128.908 58.4745
112.094 139.809
109.932 139.259
126.328 81.3121
209.17 105.817
106.213 97.5893
121.591 106.448
163.545 118.723
127.565 144.422
86.0435 95.4315
97.0283 69.428
174.993 78.2408
134.59 132.496
54.166 91.2637
134.098 51.7795
189.725 51.9114
124.562 173.59
124.819 174.054
34.2331 168.998
153.965 127.562
27.5056 106.972
125.385 17.4061
96.4303 199.999
179.069 50.9112
38.3716 131.089
96.5192 117.935
50.4413 128.38
98.5033 135.596
44.212 21.5782
9.68396 98.5974
127.825 124.449
102.985 95.3496
168.56 50.6962
57.5917 104.393
176.015 74.1507
69.0062 116.993
169.805 84.5596
105.175 104.099
145.058 112.181
123.638 100.231
120.206 36.7435
155.439 138.538
101.263 133.716
111.64 137.887
116.674 164.341
82.5162 154.221
113.545 110.929
110.936 168.762
29.3613 81.8652
139.079 97.3267
30.2939 89.4035
135.892 128.48
142.112 114.713
158.374 112.372
54.6543 75.5281
70.0318 88.9281
103.419 72.5488
160.107 113.271
148.196 74.8076
152.102 63.4394
173.586 62.1398
104.877 125.067
165.412 135.658
45.542 142.835
159.036 61.2639
116.018 122.269
169.453 132.642
206.982 81.6039
136.774 175.858
82.0135 73.2849
182.223 86.9193
91.8124 116.641
44.8322 169.203
97.6261 112.491
103.533 81.1329
119.818 78.0975
124.3 100.434
115.727 57.0905
117.336 132.298
115.377 92.7503
81.7171 113.181
86.676 180.166
104.276 57.998
118.021 105.756
73.9263 21.4704
96.8976 113.314
52.2222 82.0522
110.501 102.136
97.4414 99.0548
17.2772 82.2532
203.98 112.276
75.2053 63.3764
130.048 157.172
165.913 128.659
110.941 164.434
166.852 95.3029
92.3396 117.757
81.8766 114.098
45.5176 171.639
113.776 206.17
78.0005 143.328
112.294 127.998
67.4628 118.338
127.724 11.9101
83.3605 44.67
180.901 60.3981
147.235 12.8759
123.138 45.5139
50.1352 60.7144
56.2238 161.746
149.686 52.2094
107.438 105.43
117.144 118.456
114.122 171.044
98.2028 185.749
84.8749 79.3875
39.5712 106.209
78.4424 134.954
120.795 120.828
104.582 124.928
118.086 119.993
189.535 62.3624
125.083 36.4008
109.239 109.572
165.649 91.6932
105.116 4.59865
120.348 99.5078
107.93 101.778
67.9276 109.235
184.047 163.836
126.604 83.045
210.748 117.787
115.119 83.9373
101.776 40.5601
111.168 101.821
176.795 48.2144
98.3706 85.4313
109.666 101.291
181.672 152.217
107.615 115.003
140.033 117.648
177.204 175.194
130.056 8.01601
59.3963 159.948
196.534 73.3564
150.093 41.9965
99.72 112.509
144.373 57.394
147.006 115.899
138.914 71.2341
63.3643 108.965
65.1632 117.835
187.18 56.4822
160.241 38.1651
91.8667 94.1274
123.912 102.82
122.089 140.818
153.683 140.245
112.225 88.881
44.6841 128.936
57.1593 98.3552
185.058 138.549
65.8559 18.8362
109.817 112.294
112.625 86.0133
166.679 138.817
144.697 24.0027
166.836 140.459
114.764 123.004
95.5515 64.0394
190.186 79.6569
111.72 143.068
112.573 45.6415
117.853 96.4734
48.3079 190.598
129.497 119.855
136.843 91.3359
122.638 156.158
88.3494 107.904
72.4098 43.5834
121.383 83.7044
85.8199 14.7737
164.252 47.5939
144.319 49.9408
94.9679 166.304
103.991 107.311
124.089 104.089
156.761 195.764
142.149 43.7398
133.654 103.273
109.459 184.139
201.879 134.041
141.57 82.7061
149.38 155.659
116.854 100.798
73.361 133.689
82.0217 24.0405
84.6745 188.584
46.4218 145.304
72.6965 119.763
46.7677 35.1
131.411 48.3262
41.4121 114.233
195.527 103.668
180.992 128.482
109.958 103.554
154.978 21.6143
116.536 95.5269
156.798 65.2725
101.044 132.131
141.566 121.95
84.6465 126.75
22.5518 165.406
49.5699 174.578
74.6226 38.4475
127.352 23.8218
99.0916 100.823
141.025 66.7366
64.4738 107.545
107.852 116.054
101.09 0.187643
16.0114 57.6633
39.0099 85.1781
126.309 168.629
73.4402 94.5085
103.261 61.1982
43.4469 38.8212
70.9537 85.2476
43.1937 109.559
76.9905 127.177
107.583 99.8652
180.722 99.6751
187.382 85.9358
175.497 42.9128
100.088 52.6732
94.1477 150.823
164.549 156.616
124.115 77.7972
119.676 19.6906
70.3074 65.9248
132.752 91.3263
15.5386 102.73
150.856 116.567
104.009 119.673
152.926 86.322
104.265 98.9429
74.3877 177.577
78.8906 127.452
92.9421 110.563
148.952 144.031
146.209 135.653
178.48 177.09
162.694 85.112
91.5245 187.559
89.7244 189.543
121.845 114.371
106.167 107.893
100.665 149.034
73.1218 97.2392
194.424 75.3456
126.927 193.2
118.44 105.1
106.884 105.507
107.602 80.5647
68.2071 122.443
109.706 103.604
47.3962 150.008
23.227 47.2223
151.563 185.905
123.57 87.0768
106.704 1.04961
144.65 17.4265
119.25 130.239
117.211 36.9678
7.80278 143.502
128.934 57.4239
157.672 96.2936
123.449 58.8519
108.277 69.8003
111.962 79.8578
83.814 181.709
108.092 98.1066
123.071 67.4003
115.389 95.5008
110.914 92.0057
158.876 170.236
140.422 89.3667
179.359 150.111
30.0974 84.7088
136.721 99.7916
115.079 174.973
103.92 59.5705
173.473 115.787
113.18 150.715
25.67 59.1673
152.758 183.579
66.5508 113.255
114.96 81.3714
75.3989 81.6326
128.199 114.494
35.3249 128.646
6.11452 106.281
79.3186 112.798
38.7624 58.2889
125.747 140.936
199.611 110.749
109.452 150.684
89.6416 173.092
129.167 77.5827
83.4746 150.656
86.7868 145.118
102.019 146.902
151.962 128.153
210.074 125.166
97.0123 97.4005
117.442 68.338
35.0393 104.55
91.5489 75.027
89.0572 109.375
96.0461 153.581
188.474 49.0789
51.691 51.9042
205.332 104.652
155.226 124.424
114.195 117.817
143.299 66.8806
99.6626 54.5303
137.566 176.69
106.322 106.484
95.1881 132.933
199.667 108.963
106.323 105.122
127.524 13.7364
120.238 32.4808
17.2231 100.565
119.369 96.8657
111.812 110.735
81.5184 26.4749
162.934 97.0416
113.015 128.672
184.281 103.361
43.7319 29.841
141.063 47.0114
127.286 103.345
72.4763 39.6843
127.413 137.278
204.806 113.083
170.899 75.5084
51.2281 114.537
115.933 162.879
90.2801 160.101
113.353 110.569
58.1229 97.4286
75.2673 95.0594
167.018 126.488
124.918 117.363
135.225 108.019
134.115 30.93
101.935 5.10325
171.794 82.1642
128.14 130.293
167.637 67.1688
176.571 92.824
139.539 24.8785
99.4712 92.5225
97.0034 107.124
74.2804 112.93
54.3273 112.874
141.597 159.609
152.562 146.569
43.693 90.1777
110.58 84.2105
145.699 118.234
86.7696 88.3109
109.128 109.194
177.658 171.23
169.347 108.123
113.177 114.635
110.921 64.6669
60.6042 95.1645
143.974 51.7823
94.9831 110.553
47.8967 122.211
145.798 108.87
127.45 117.562
172.408 137.223
133.647 89.8628
158.573 88.3329
113.696 83.8511
104.612 97.2668
113.391 142.088
164.064 110.893
74.2586 166.139
133.673 55.9382
177.947 141.666
171.565 50.114
12.0239 86.6462
148.924 164.424
42.8844 121.836
93.5617 30.8228
99.8218 77.3286
159.224 191.296
89.519 118.809
111.756 110.23
114.721 122.106
105.353 100.115
211.116 113.814
104.422 98.5081
150.539 21.397
42.6134 131.734
118.089 58.9536
113.753 110.888
108.726 88.9515
185.482 150.668
157.929 106.109
85.961 52.9381
112.665 65.4097
64.7104 67.2225
106.595 102.65
98.0925 77.7273
71.9991 115.405
162.553 101.803
120.927 119.434
150.419 192.966
134.31 78.2236
89.0132 189.217
123.196 117.989
54.8677 61.5194
45.0676 130.556
113.95 59.9592
99.757 111.093
85.6759 162.857
195.383 64.3939
49.9696 154.264
99.3081 184.847
103.177 112.552
117.133 69.7226
131.481 138.714
87.9367 113.026
98.8812 125.794
85.2335 140.99
13.9488 106.048
105.414 9.99576
77.0888 161.656
80.6865 27.5962
138.306 6.06992
95.1546 95.4501
49.2704 85.5239
93.0617 129.651
39.617 141.78
149.742 189.081
144.12 26.6536
38.3708 39.2719
69.1466 134.698
112.568 119.645
81.5652 195.017
71.4801 79.5472
119.946 106.95
30.4001 164.132
132.159 5.68908
161.034 114.777
83.6269 138.701
206.15 126.189
111.265 43.0633
113.806 119.552
128.302 181.776
64.1476 124.59
113.357 97.5062
160.233 82.0518
56.6683 50.4777
119.482 109.907
38.378 88.0944
83.1046 80.4065
113.642 170.092
108.829 112.468
36.7623 126.746
37.2744 93.0303
42.1502 79.8398
99.7126 164.229
98.3517 105.835
107.829 46.01
171.69 27.5953
118.961 127.903
79.7406 155.403
49.3107 78.4824
112 108.589
87.0611 44.4563
45.7933 171.472
165.437 85.059
118.562 22.3453
79.2715 176.839
38.6569 187.704
130.328 131.282
108.999 168.069
77.5929 57.4013
31.433 83.3253
52.3193 18.4843
123.763 1.96189
95.4542 85.3735
53.2566 31.9506
122.691 67.5913
64.0068 135.629
147.455 122.992
88.8988 180.227
129.383 140.262
28.8378 151.621
188.805 67.7787
133.75 90.7887
87.882 100.862
93.4208 75.229
165.276 20.4363
116.794 84.3276
109.32 98.9525
127.105 178.796
134.855 78.1233
108.264 33.9636
115.709 61.5157
12.0588 97.9027
107.361 107.744
143.819 42.0451
102.232 83.7301
19.6026 47.1844
153.416 130.433
78.5328 101.967
182.35 131.867
170.049 168.401
54.7131 126.989
82.1117 79.2473
46.9188 68.9946
94.4155 110.389
47.514 127.179
119.808 114.876
125.133 89.1671
179.519 43.3467
206.224 139.363
156.006 108.233
55.0979 98.2517
134.571 91.2182
121.308 100.545
79.9714 205.129
71.623 169.59
137.732 128.159
136.407 175.823
143.668 167.212
124.742 78.3847
113.719 96.7874
124.071 95.0089
206.353 83.9698
109.175 102.271
83.6217 22.9446
63.0895 37.212
149.213 103.452
169.383 22.4097
93.2569 132.333
163.352 176.566
30.3334 131.077
145.823 83.3149
168.087 65.6095
124.122 95.1229
80.916 92.0794
119.963 143.381
54.4856 59.7658
120.223 31.6712
135.492 34.1703
91.6077 36.7749
108.021 106.656
164.425 119.885
133.078 13.9922
72.8695 37.6999
193.83 148.735
163.887 108.956
53.5012 57.2003
98.5974 112.775
78.7444 150.968
158.466 153.081
117.967 148.737
153.657 101.673
128.588 158.03
158.341 166.848
173.928 57.8585
141.48 59.8027
133.568 101.529
72.5038 114.949
36.0081 43.0246
117.874 5.47932
118.729 187.081
85.237 49.3762
48.9201 73.4089
81.4194 51.3064
99.1581 56.0768
180.305 101.729
174.534 127.643
130.457 146.39
111.486 54.0722
81.0147 150.069
103.485 101.279
161.24 115.272
122.616 176.24
117.546 142.545
161.042 92.6233
52.6101 98.4952
132.464 84.0296
128.792 113.183
71.6362 101.799
86.7442 91.8716
84.4794 199.044
95.3466 130.822
182.374 86.3468
99.0041 117.217
86.0067 130.912
170.745 162.198
163.295 134.6
146.937 113.097
100.932 113.5
116.666 120.005
203.338 118.898
182.708 138.721
70.4574 130.745
65.433 163.6
106.736 101.499
152.893 133.99
74.375 143.721
41.8723 90.4844
152.884 126.54
41.0385 164.745
87.3282 182.859
79.6943 124.897
132.303 147.066
127.938 93.4933
133.76 140.798
80.7631 20.2666
97.355 118.804
32.0216 92.1599
67.2527 109.158
165.847 178.284
16.5818 120.103
50.1408 153.091
88.0768 83.2894
87.0358 72.9377
160.137 35.4522
64.9217 65.4925
110.823 92.5022
205.213 86.451
102.051 107.478
118.687 185
125.312 208.322
198.261 140.598
83.2106 158.384
131.631 104.985
103.999 116.55
122.383 48.9091
182.476 164.07
114.002 109.299
104.487 110.452
195.681 55.9137
190.506 107.895
146.143 150.233
119.223 92.4914
58.7336 128.083
104.628 106.257
166.848 86.508
29.8179 97.5224
41.3302 65.3141
137.685 52.6653
84.3888 55.2582
104.747 33.2916
86.862 112.473
33.5808 34.7808
123.475 108.875
120.559 120.223
123.839 101.98
49.1421 129.011
165.452 160.532
117.034 103.483
114.691 165.838
54.2862 114.326
142.203 92.6272
186.595 126.713
75.7852 73.7144
96.1825 105.24
117.494 47.0765
102.406 105.187
64.3236 136.821
120.468 114.239
124.047 161.32
115.449 211.328
57.5399 113.234
157.314 89.9521
155.192 113.67
73.6698 27.4782
107.505 99.2942
191.333 116.331
179.034 41.7077
80.8799 80.3496
107.311 142.747
52.2083 50.6109
80.7595 152.938
113.199 113.419
92.8487 113.207
79.7924 70.1293
100.923 100.186
92.7322 138.958
146.509 153.301
93.4869 113.892
41.5191 64.244
35.4951 115.079
4.30617 89.269
106.997 105.03
171.059 139.588
148.745 91.9737
73.5859 135.138
80.398 59.5569
107.783 121.383
24.563 118.401
89.5792 96.9903
99.2209 86.4291
94.5629 101.844
44.0132 60.0053
65.1084 109.753
106.344 105.881
118.804 98.2694
200.095 129.057
103.82 81.1625
136.215 115.387
116.725 188.508
164.033 39.3525
118.812 72.4593
105.507 11.6456
136.632 73.1564
65.8964 125.986
176.398 65.8157
72.7023 133.615
35.9526 185.347
106.937 159.418
110.139 100.588
72.121 68.0639
146.178 31.6801
43.3083 77.1649
166.269 45.8167
127.879 108.791
62.1757 51.1713
131.074 158.856
40.8494 114.766
139.544 150.767
112.702 107.554
38.947 29.6235
83.5947 197.666
28.9872 178.715
39.732 75.4113
85.8262 97.132
27.5009 149.471
117.07 190.174
49.7802 126.479
80.0664 34.267
147.544 17.1629
94.5794 128.81
67.9751 145.814
136.838 120.581
63.9991 56.036
100.374 83.1468
61.4074 28.4949
124.298 133.013
143.287 158.746
111.059 185.238
159.893 119.686
107.896 126.552
128.648 69.2225
128.221 188.811
193.556 103.353
79.9797 146.322
188.727 84.902
102.31 134.308
141.765 175.754
64.05 187.583
98.0406 89.1527
116.244 120.383
58.8166 73.5272
63.2675 84.7171
89.9959 64.6156
103.429 110.601
56.3897 67.8436
51.4637 161.112
91.9408 119.075
88.1746 193.745
80.2208 82.4438
189.619 119.03
134.26 87.0824
109.831 102.881
139.374 160.162
91.8945 202.859
139.392 126.139
153.938 43.0831
114.354 84.1098
102.216 21.9773
116.113 121.625
150.496 174.997
106.331 105.719
40.6306 94.4
107.532 112.039
131.901 86.1525
77.9272 119.763
116.851 168.27
102.023 117.133
76.3477 106.236
70.2875 34.9451
123.872 84.6539
57.0275 200.008
155.313 163.077
129.129 202.624
115.704 53.1265
107.038 106.605
188.792 67.6896
119.572 1.49035
8.37559 89.7312
116.806 131.986
183.713 151.98
125.684 85.8307
98.6124 101.174
85.9546 72.8485
127.574 114.266
158.072 104.794
64.5948 123.655
129.298 50.5951
95.7229 128.724
171.774 78.1186
136.382 33.8088
98.806 97.0144
83.5362 193.161
106.854 113.801
113.235 149.797
183.3 103.203
40.5219 122.856
115.697 98.9898
126.146 206.162
117.495 77.3778
103.345 50.71
92.8916 137.975
104.665 94.4761
93.6206 47.0257
131.953 112.749
106.354 106.543
145.908 63.9119
110.234 117.734
143.462 24.9335
166.574 124.56
116.868 122.346
189.485 99.5108
109.465 27.3903
88.9565 95.7772
115.098 47.3019
106.465 86.4458
76.4913 105.038
161.089 129.688
24.0009 129.146
45.646 76.3283
98.6133 162.375
153.012 39.5263
133.106 98.7981
47.5952 157.091
66.3604 109.641
67.7415 127.914
35.2529 122.879
105.718 107.209
141.698 64.004
103.205 86.8843
115.671 102.579
192.496 76.4682
86.4833 97.1635
128.876 150.88
153.469 166.154
101.896 99.7962
128.769 133.044
196.444 81.9224
108.111 98.4115
130.352 128.91
93.0627 145.829
23.0785 99.8617
102.11 47.2637
111.698 121.44
97.4751 133.354
166.685 57.9227
71.929 156.602
86.4598 142.14
75.2695 126.035
121.941 101.597
110.351 73.9117
55.186 154.031
94.2153 108.41
41.4919 168.508
167.602 114.452
125.165 98.5454
178.75 69.0773
110.095 102.653
31.8365 111.563
79.5382 129.678
104.283 37.8643
39.9679 115.024
128.442 171.317
42.9262 32.6006
172.813 186.256
14.6499 99.7947
105.745 119.59
173.606 84.5649
96.3863 17.6307
96.8772 97.132
106.202 81.7078
93.5918 122.501
191.169 128.725
111.369 68.3922
97.2894 105.813
61.9488 83.2061
39.3178 168.721
119.237 106.844
112.714 104.993
192.279 83.1138
92.9673 61.8712
75.931 90.9703
78.7335 150.777
37.1106 74.84
86.6063 50.5355
12.4619 119.088
102.677 143.827
79.1674 107.747
114.118 101.631
123.151 77.9547
6.67249 137.825
153.962 159.269
56.8266 88.1521
108.461 129.277
24.4047 60.9535
139.298 60.7277
188.889 146.977
49.6309 159.673
180.038 181.073
80.8439 15.1293
153.78 59.6175
142.756 113.976
102.499 64.7664
200.665 84.8914
154.621 30.5564
98.826 103.049
133.956 121.168
104.62 75.7172
41.2873 134.572
91.2338 98.5079
66.7614 161.82
146.9 96.6936
68.744 96.7959
6.4239 121.546
169.806 68.5614
140.069 135.755
121.408 202.371
151.434 156.758
96.7275 115.472
149.698 74.3109
126.886 192.66
107.826 116.299
98.5838 82.209
79.4371 39.5395
191.632 111.778
30.4259 66.5794
124.563 92.2664
87.2249 46.3515
37.6041 156.58
79.2791 117.109
132.198 120.759
114.403 70.7504
122.489 116.023
50.8417 119.525
102.996 100
105.024 8.76376
99.8939 135.388
105.549 104.277
156.802 46.2515
22.5773 111.951
15.3656 66.0655
114.847 111.712
34.6071 62.2113
100.464 128.07
172.771 147.178
108.878 105.345
130.418 193.203
100.544 41.0591
126.377 106.984
83.2557 4.04517
170.883 104.828
107.046 66.8321
113.295 173.468
164.215 114.152
115.327 164.775
71.1757 82.9015
114.866 103.996
69.7323 112.483
138.819 118.536
113.74 41.1929
61.1179 40.7323
132.053 54.3252
145.106 148.208
98.0187 100.489
152.964 32.1731
116.553 104.591
93.5905 62.8131
126.395 90.0098
76.7471 148.935
203.65 106.833
98.4503 167.847
39.957 101.628
95.9614 158.923
107.809 54.5568
128.776 103.264
46.4925 75.5164
176.518 168.075
135.488 110.733
171.49 180.516
132.668 84.2631
150.477 58.8333
107.039 106.733
130.138 127.158
144.265 72.3406
86.4964 64.397
96.9615 170.623
68.9198 117.897
119.585 99.286
177.799 58.9158
102.339 117.649
96.8359 119.155
193.872 145.405
114.948 99.3253
70.2236 9.03583
119.167 61.791
80.5192 61.9976
42.715 66.9758
129.014 202.687
133.304 106.386
80.3012 38.6933
56.1014 133.932
43.2554 64.6504
85.1124 78.8767
108.863 105.117
53.3756 14.4908
76.683 123.713
60.048 15.375
79.7777 124.178
97.6778 57.323
125.498 181.471
111.899 138.207
106.155 105.511
43.0893 113.844
109.693 109.765
35.9053 98.6585
61.0862 30.0261
189.436 116.216
42.9996 58.46
102.451 107.806
87.52 108.755
202.343 133.166
92.0221 136.075
151.281 99.8957
116.663 23.8586
197.826 77.1738
158.905 105.77
60.0655 39.9847
172.629 111.158
120.525 68.6929
139.436 203.029
61.6177 119.081
133.976 90.2612
94.8422 152.867
155.711 68.2559
180.886 81.7353
92.4846 151.812
98.8001 116.46
99.0504 100.061
121.324 131.221
122.577 126.216
184.049 121.74
147.568 122.139
145.822 163.381
172.166 89.2262
118.069 188.622
81.7106 103.394
25.2557 129.409
146.007 146.775
84.114 135.752
100.865 53.6669
102.295 114.758
103.462 88.3493
106.738 118.274
146.291 115.184
129.568 103.974
106.821 103.183
160.169 130.898
100.984 116.137
59.0605 56.7557
93.2447 201.402
154.369 154.261
58.0791 143.55
73.8974 113.619
201.745 95.5431
195.375 118.802
138.998 122.875
114.508 65.5072
73.0459 149.242
105.493 107.863
47.4904 131.394
17.9826 130.724
71.9391 39.6269
112.317 66.7735
56.2073 77.3027
98.5083 77.187
151.37 201.257
75.5307 112.408
23.5552 123.616
96.4494 100.115
101.802 94.4831
96.5439 133.691
114.853 202.534
111.915 95.5004
59.504 23.9702
113.791 128.154
133.943 88.0168
160.707 28.0921
54.9927 120.607
137.392 63.6729
172.316 63.1413
105.752 77.1144
76.7698 104.85
103.591 110.938
108.678 142.514
39.597 65.6763
82.841 5.16379
160.748 20.6319
117.84 72.6306
111.144 91.4398
173.27 68.359
139.994 56.9093
105.243 110.276
108.315 111.333
70.7079 34.2938
85.2662 104.915
39.0596 100.084
54.8098 111.113
96.015 73.4343
41.8287 168.979
135.548 79.1214
132.25 89.3042
20.0624 144.592
71.7726 63.4303
117.427 208.38
14.2942 57.2345
48.3083 102.247
94.1154 103.385
101.7 107.744
18.0709 163.694
143.372 8.81287
136.266 25.8501
161.748 174.768
97.058 79.6199
87.4168 140.003
106.374 136.996
90.4496 98.8959
111.882 118.354
184.008 77.3064
68.0699 61.2498
106.087 46.1181
126.147 121.479
106.706 178.559
67.4164 49.0051
97.9098 105.245
93.8235 68.9395
112.392 108.63
80.0005 73.6596
3.2928 125.4
159.951 113.651
105.164 185.794
151.016 52.8723
49.0066 133.186
100.139 85.2029
109.472 87.7206
185.508 47.1227
118.34 112.715
85.5199 97.1249
102.806 33.5762
121.863 95.1408
159.952 149.357
105.539 104.474
14.578 154.677
181.701 32.1802
132.216 140.588
109.47 96.9378
29.8058 130.087
78.9778 73.2293
48.368 185.91
58.5596 43.1528
168.052 143.78
114.983 87.5802
103.81 110.709
158.887 76.4154
187.227 143.394
101.551 101.427
79.5227 80.631
127.958 43.6387
68.9074 75.4576
104.59 101.422
148.01 72.9335
176.708 91.633
158.475 122.85
96.4883 144.551
131.47 122.089
111.768 79.8119
155.34 114.679
120.943 59.192
90.6602 105.754
94.5806 108.057
106.028 100.231
95.7529 153.958
106.006 105.533
126.889 152.646
156.171 23.9555
38.8956 114.17
75.2688 23.5995
12.0501 89.0595
114.319 110.42
102.805 7.66978
105.945 82.5912
152.482 173.592
122.067 88.4474
121.884 116.25
104.619 105.458
106.161 119.823
99.8825 98.584
119.428 112.167
90.4328 100.346
122.619 42.7437
178.502 104.072
132.58 77.6627
100.205 109.696
93.8279 141.853
148.171 74.3874
144.307 168.274
70.1286 92.8607
159.11 98.142
128.189 140.022
182.262 133.359
128.107 123.437
36.132 32.3784
160.728 28.914
101.459 76.7522
111.776 44.0311
81.4109 57.8778
71.2709 68.9114
143.332 101.23
112.785 112.459
90.8057 95.8175
95.7442 102.995
134.185 166.639
105.772 95.0796
76.9274 94.4673
167.767 99.7296
155.7 60.0746
95.0976 98.6435
34.8815 64.9547
202.476 96.465
111.673 84.4717
72.2875 95.4903
135.107 37.9368
182.434 174.818
115.73 96.8203
47.2778 128.822
84.5633 111.507
117.866 9.01957
79.8581 138.463
82.2064 69.3614
202.196 88.7927
144.57 186.263
94.7393 60.1599
52.9965 53.535
59.2781 38.6704
102.619 111.781
19.4622 111.096
137.136 142.487
111.683 115.472
100.016 166.13
67.0437 143.929
152.836 132.885
77.3844 64.0215
123.821 57.0075
123.074 131.27
22.8618 107.609
42.0693 115.448
91.4484 148.381
56.5485 114.308
172.04 118.624
41.6845 162.035
122.782 175.766
155.651 105.046
156.459 177.324
162.858 147.578
32.421 151.361
138.153 104.672
79.0999 159.927
81.049 19.5899
185.181 125.837
51.9634 67.2862
95.9387 58.1102
105.011 108.293
87.0962 145.76
110.198 105.025
77.3569 34.3979
86.7367 103.071
199.18 76.1343
82.3968 112.807
102.412 103.516
154.908 108.071
182.652 102.262
30.2907 159.913
132.676 122.055
101.333 128.704
103.842 101.493
131.758 202.503
94.2552 67.6453
107.846 99.8163
110.328 133.667
86.0632 125.482
78.1051 118.513
97.7686 105.516
150.238 134.688
88.6185 13.8028
98.5817 110.15
9.84353 85.2053
153.458 138.052
99.6658 115.401
111.788 100.652
98.0011 73.3516
80.1963 131.629
116.437 180.97
62.8225 59.0519
150.237 32.2914
64.3916 79.9017
37.5295 176.037
123.3 111.081
129.159 76.6443
100.325 104.845
107.815 86.093
6.14465 132.765
111.642 10.3248
108.745 98.6462
173.14 47.1755
42.2371 143.453
200.403 127.56
65.2162 116.114
113.614 46.9822
99.6844 72.7075
35.4975 146.459
110.971 109.91
106.723 102.132
77.309 96.7525
105.626 99.8734
170.493 165.334
112.813 92.8755
129.58 141.008
125.071 167.875
68.0715 21.6627
124.615 143.495
106.589 97.3844
92.7757 139.84
95.1191 174.08
97.306 38.4188
106.552 125.217
99.0769 104.441
91.4938 133.746
182.607 143.468
109.875 129.598
81.6307 89.997
32.655 65.2528
108.875 108.217
128.868 134.606
123.022 116.305
127.453 98.6444
115.435 136.939
116.081 128.766
121.166 190.108
72.9324 191.106
53.387 76.6585
80.1674 49.5411
103.101 173.482
152.4 91.5489
99.9082 114.804
135.767 204.672
139.532 11.8461
47.4955 180.124
103.97 98.8373
106.789 112.437
122.9 107.1
100.841 96.8052
74.3663 98.6983
138.715 75.3138
104.951 93.7603
119.079 136.584
96.6451 99.6938
166.017 102.07
101.808 132.467
105.108 116.123
115.99 124.375
147.487 200.296
75.5117 136.328
57.9905 24.5756
103.814 102.73
140.704 139.786
79.426 94.907
159.129 106.177
62.2242 124.429
110.317 53.1057
73.5876 123.943
127.399 161.874
151.657 134.504
63.2308 76.4645
107.045 107.699
192.321 146.996
154.358 91.2595
60.9433 50.0765
77.171 23.7378
61.1353 79.8545
85.8577 106.303
109.64 104.939
108.511 78.9493
177.573 86.067
137.274 170.487
103.913 110.666
107.924 105.112
106.059 106.264
105.505 42.2893
11.2808 116.758
136.116 96.8372
107.875 99.8016
145.604 148.352
81.3315 105.651
125.438 81.3359
91.4058 103.186
21.3487 123.562
113.903 99.8811
133.376 104.272
95.969 104.14
87.7597 115.941
72.1636 61.7781
207.515 108.814
110.517 166.419
88.6465 27.4315
165.262 149.424
57.7144 92.6864
123.624 164.669
126.386 29.0699
64.5959 93.0808
125.615 198.057
147.931 77.5045
29.7289 162.947
146.721 47.5482
46.8457 99.4882
29.2865 35.9235
19.3396 163.403
149.02 118.052
142.252 133.25
97.8407 102.131
114.879 78.7734
68.4757 191.129
108.507 63.2653
183.675 56.2391
59.0863 141.272
91.8675 101.09
105.87 146.167
79.1847 86.1561
94.3796 88.5065
35.3979 79.7887
73.4386 96.7282
24.6488 73.222
159.296 105.297
196.478 81.9376
151.277 195.808
66.2875 35.7736
54.7837 19.4118
12.2314 88.5821
115.36 107.932
80.5789 131.87
69.8541 96.7357
50.7937 99.4708
79.226 129.082
134.483 60.3037
109.753 103.447
118.054 122.599
105.077 102.418
9.31497 101.276
163.735 112.859
99.643 90.4307
186.061 139.574
28.1401 148.124
197.154 154.6
152.281 85.9335
75.4773 140.003
112.731 130.557
112.36 109.047
33.2048 173.837
94.0173 96.813
110.055 101.219
113.575 24.5613
107.75 136.883
34.6429 131.402
143.999 123.31
106.163 105.538
76.4947 85.9715
149.35 42.9316
103.231 110.256
156.646 162.466
92.197 107.852
93.236 64.0076
174.774 61.6726
139.35 183.611
82.6949 110.399
151.405 108.875
116.5 87.7571
113.205 120.089
115.675 46.7086
105.397 103.791
112.854 32.8624
200.274 59.3104
62.6423 127.657
168.764 183.409
108.184 92.7844
116.171 51.4437
69.5548 173.857
85.7488 125.099
131.657 188.825
101.117 149.206
80.4774 70.3756
132.922 107.212
104.833 95.4648
106.102 106.094
118.201 5.01901
153.716 51.393
73.5024 114.66
143.389 48.3938
104.694 112.481
105.356 105.335
30.5211 126.031
160.71 96.3442
66.3198 101.643
102.538 85.8212
57.9193 153.91
125.397 62.5983
74.667 139.712
77.8249 148.338
126.925 71.351
113.505 108.733
132.461 140.804
86.0186 92.1849
77.8535 109.155
162.956 96.7737
81.2385 90.7535
154.247 54.7992
133.366 135.321
202.61 126.105
54.1323 89.1928
65.599 194.986
72.0676 39.05
83.835 114.894
104.506 100.203
18.6325 56.0932
57.4626 43.2947
92.0356 186.773
204.805 87.1483
70.1664 101.201
110.819 149.279
108.226 116.005
142.73 123.345
121.577 146.469
34.3844 68.3604
97.1689 21.0765
127.787 61.8824
82.0817 70.7013
137.799 115.529
137.972 65.6293
119.752 133.817
85.8377 17.1727
108.725 147.797
182.994 78.7468
148.65 38.6295
167.899 130.058
65.6958 51.6325
120.957 26.7087
105.718 107.963
93.6469 117.421
99.2737 111.772
87.5019 108.538
108.903 128.38
106.756 108.939
157.3 96.8813
145.779 123.942
41.1848 159.097
108.204 107.357
44.5308 73.4812
120.205 137.931
57.3325 144.12
79.4001 89.7001
92.6785 133.942
74.0519 125.274
191.363 139.621
69.034 158.939
114.013 94.8863
22.9224 104.056
147.109 129.576
175.319 102.763
102.468 20.96
109.435 98.3897
153.5 142.616
89.3883 163.699
94.229 179.456
28.8229 83.7317
117.775 78.8196
61.6707 82.1186
89.3475 149.582
83.0626 102.884
119.883 101.698
65.6389 99.5406
159.253 134.959
83.2838 141.764
65.6987 126.801
101.753 77.769
46.1239 76.9463
62.6534 58.8192
37.0314 60.0264
67.443 132.462
102.401 80.8527
45.4414 171.471
166.628 113.073
36.1406 58.2041
170.679 85.4303
66.7192 142.901
133.924 105.16
178.454 96.0368
106.109 153.792
188.075 53.2211
56.2775 107.103
129.814 30.8256
116.519 204.086
101.171 115.365
180.374 115.167
149.018 80.9918
170.646 141.9
153.432 190.287
95.1691 97.3428
78.0509 55.1908
106.681 89.0525
31.244 92.3228
143.105 153.842
88.1726 124.502
78.0062 29.3001
77.1934 134.281
78.5217 109.096
109.613 93.8673
176.561 89.0326
111.486 93.4239
163.071 150.509
117.09 64.9489
124.787 200.279
46.9512 19.3478
112.757 79.6156
107.097 31.5081
83.1639 8.67136
99.2479 105.454
129.751 118.739
112.185 118.964
42.8368 124.02
50.1721 67.8228
108.785 166.607
40.6828 31.1067
22.478 147.891
136.97 110.708
127.432 144.098
123.545 134.903
83.2182 150.313
127.486 101.202
9.44662 79.3762
105.235 67.6253
137.456 31.6072
126.188 114.386
86.2321 100.696
103.633 106.871
127.97 148.639
186.367 97.3358
86.1191 59.7717
177.473 103.088
106.313 16.5242
138.898 86.2459
129.933 108.299
62.5989 122.253
56.0762 115.556
97.3045 115.859
92.8365 40.2773
135.198 71.8569
130.017 108.145
157.555 173.731
177.138 163.121
33.5878 92.2865
27.7589 97.7122
74.7533 128.08
112.537 96.7326
41.2978 156.09
106.554 119.019
132.997 174.813
131.532 156.288
81.1883 154.322
108.682 109.331
109.64 118.656
106.054 105.621
117.6 98.4861
157.211 57.6623
117.765 109.408
36.1299 91.3343
31.7032 137.292
186.742 85.746
89.6545 3.57329
56.2467 140.538
106.095 110.102
173.139 144.06
136.678 153.462
159.197 115.159
105.431 7.4105
91.1581 167.243
151.703 124.644
141.396 56.4921
94.5962 88.1012
109.343 211.278
192.92 59.3114
144.43 89.4452
190.108 114.365
158.415 50.0499
110.295 114.694
74.2909 89.797
68.295 38.7049
179.332 146.327
120.051 132.386
108.617 184.198
142.028 140.524
67.9283 83.4541
94.4939 103.889
46.2772 25.9789
95.3955 84.097
60.8304 138.718
127.403 132.556
88.277 99.5833
118.215 110.523
148.841 44.2227
140.295 43.8075
79.085 129.248
106.123 109.325
86.8259 153.052
137.59 47.3678
157.349 93.8857
33.0262 132.53
88.5293 95.6432
120.091 101.68
169.831 85.3946
156.634 97.313
129.411 207.797
94.119 146.823
118.954 83.224
111.598 111.68
108.322 108.131
72.4417 105.348
64.175 94.8108
111.647 96.7033
105.596 109.711
24.5415 52.0431
106.403 176.413
123.419 100.45
146.987 112.548
100.046 160.897
29.853 116.412
126.922 194.869
82.0297 102.653
105.521 106.359
38.9012 42.4664
133.297 25.088
140.912 161.475
75.3298 128.147
51.0512 64.5182
150.259 23.335
85.6725 74.5374
170.599 83.5035
151.393 21.1045
93.4355 79.6958
104.988 86.9177
136.302 159.639
63.4802 24.6187
167.181 132.832
35.4914 69.4658
118.149 170.882
96.419 113.223
179.344 55.5292
92.9062 79.4475
108.013 155.625
107.486 52.0334
125.165 178.161
1.99183 110.025
136.224 76.8197
131.206 174.107
170.212 115.657
65.9101 56.314
85.1442 146.068
112.118 35.9117
118.14 113.306
123.349 119.545
61.8883 132.456
133.357 70.6612
112.401 86.4306
79.3144 40.8564
106.122 118.812
18.7688 67.5191
90.9159 102.567
90.5205 121.08
32.7585 91.6199
100.096 93.9377
186.99 79.8185
96.878 100.483
18.482 73.4539
42.9457 92.0974
143.89 136.355
96.497 85.9694
106.518 117.785
74.7813 80.329
106.204 200.877
116.883 131.439
123.571 79.4883
131.755 14.3134
135.902 121.107
191.42 82.0968
64.3981 59.1046
201.654 70.2009
101.969 95.8794
123.371 131.229
105.435 102.683
116.685 75.2177
81.497 188.408
126.361 116.11
85.0877 130.776
102.672 109.507
106.773 105.554
90.3254 86.7154
138.177 68.0375
108.815 112.076
164.62 125.93
93.8402 66.7446
97.9745 116.39
60.6873 195.404
119.976 137.858
126.81 141.01
105.042 127.269
185.359 94.3296
120.601 91.0196
110.331 142.635
101.896 71.3151
85.4384 99.4585
110.154 106.586
86.1953 109.527
160.437 74.691
104.832 193.412
117.417 190.595
18.1656 96.5374
82.1383 108.672
27.339 176.492
148.32 163.821
59.1065 179.806
51.571 82.3554
78.8038 160.285
120.523 204.807
140.388 179.136
162.148 69.0497
49.5958 92.4186
184.618 88.5443
42.5044 161.277
153.52 149.81
192.605 143.44
107.03 110.07
107.904 104.628
56.716 59.4213
199.688 78.8807
104.764 129.015
138.011 148.714
60.3596 123.293
110.346 106.142
26.2159 145.049
74.9425 97.8706
183.508 152.736
69.1396 165.989
24.292 65.1595
152.79 16.5889
154.106 184.414
108.098 107
207.131 87.2903
101.279 115.524
101.286 124.308
101.127 120.755
81.7783 11.6709
108.061 107.605
105.875 97.9273
52.5633 122.157
92.1825 172.837
33.7087 165.417
207.61 112.013
70.8505 51.3616
126.56 56.0911
83.2312 127.894
76.7665 85.5516
152.977 170.881
69.8465 103.729
74.2275 74.465
137.471 100.776
152.282 72.5762
131.83 84.8696
35.7206 153.661
87.5941 16.0636
134.666 108.087
55.8789 35.7749
65.308 178.387
61.3551 138.547
91.3065 135.565
150.868 84.8211
184.935 90.4787
114.406 73.1805
141.738 53.9485
173.67 171.417
104.033 102.62
115.328 16.7699
108.63 102.948
96.5572 101.716
177.834 63.9697
74.3891 117
78.7416 122.041
110.178 132.803
163.078 116.012
106.084 105.808
97.2401 41.4018
55.9589 188.244
142.996 88.8281
83.6369 62.7981
189.105 45.4839
129.934 89.8995
155.677 51.1333
114.576 144.926
1.63841 95.5501
7.68113 71.3598
110.065 208.418
108.493 151.101
123.329 206.102
20.5657 71.4776
130.303 33.5413
106.57 105.617
121.533 93.9426
133.732 133.547
191.694 165.11
31.7066 139.256
87.9219 172.491
132.328 70.8805
154.557 45.5298
129.219 128.274
114.929 93.2869
47.5563 185.525
108.539 106.762
71.229 127.867
135.082 88.2557
19.0112 163.098
16.1209 139.057
49.4642 81.4498
141.838 138.189
120.086 94.5491
45.2426 76.9319
65.3409 45.4131
148.442 106.967
52.2268 172.639
153.237 143.823
123.413 129.296
176.221 49.4766
106.292 107.452
140.955 119.609
96.9082 108.13
57.8924 158.68
184.219 100.705
62.5311 196.731
148.149 94.1871
98.9767 54.2202
110.793 77.6175
62.7775 102.903
152.543 175.468
93.6329 66.4719
108.39 107.747
43.9946 93.9931
114.037 119.75
154.812 137.95
146.533 127.231
30.8968 162.113
80.1149 151.765
112.9 141.532
105.354 114.28
152.904 45.2241
101.257 102.98
109.478 208.955
101.964 133.489
24.065 114.557
87.715 150.826
123.086 197.362
100.474 107.498
102.013 118.415
66.8712 118.298
61.613 179.261
102.35 137.488
119.106 60.4632
117.821 88.0022
19.1056 137.789
153.111 21.4472
205.81 101.861
100.004 91.8325
117.396 106.274
167.206 109.466
35.4382 51.2328
143.433 136.284
119.104 100.41
64.4295 164.525
127.513 91.7593
102.567 46.1608
98.7012 52.0312
97.4875 176.091
117.243 84.7473
130.409 177.039
67.2 86.7808
136.687 167.588
60.5883 108.714
47.9916 137.63
105.213 100.868
90.0017 117.038
63.0732 27.6557
176.713 76.3575
153.747 147.519
147.886 184.779
108.153 74.3364
58.3158 163.039
12.0634 116.591
111.654 126.469
123.391 102.37
144.595 92.951
108.183 86.6653
127.604 122.947
199.942 91.5233
43.6783 31.4421
124.272 189.649
174.768 166.744
148.63 39.4896
106.267 98.8584
185.453 58.5853
108.747 45.9813
83.3573 177.549
79.4415 111.31
67.4806 155.804
94.1788 107.55
86.0922 98.0723
162.779 77.7475
201.785 134.113
48.2186 17.1863
84.7567 183.688
189.45 144.214
100.869 103.338
88.3262 88.7331
139.558 154.299
142.721 146.859
80.5259 99.6681
101.476 107.12
72.6709 89.407
175.204 46.5195
159.359 138.88
79.417 53.0364
142.981 88.5472
70.4485 103.322
68.9665 149.863
21.8681 117.938
164.915 95.3765
94.8806 112.694
51.7332 42.6771
104.85 103.436
118.112 112.79
132.127 130.602
110.602 92.3291
149.724 33.332
155.107 81.2358
104.745 197.08
126.552 93.9543
196.904 68.5525
130.247 42.5481
166.759 89.6668
193.854 65.2418
112.726 106.6
148.184 167.138
124.069 59.5062
108.394 106.195
29.5319 46.7981
93.5227 107.31
194.508 113.76
53.7896 63.9154
106.504 102.704
103.619 138.385
63.6517 173.498
120.894 173.127
135.312 38.4
188.765 93.7984
105.178 103.833
142.812 122.267
95.1431 94.4957
110.18 151.265
69.7732 168.626
111.855 110.423
101.224 110.689
103.925 108.673
36.6169 92.3754
110.321 89.485
124.252 147.818
13.7059 136.322
144.947 95.4861
101.61 100.887
23.1687 88.7208
104.159 108.429
111.622 108.826
117.063 108.307
195.297 145.731
79.9734 46.7644
92.8307 89.8533
146.44 44.9344
163.056 190.574
91.3902 142.31
41.0002 106.367
78.3064 181.752
154.216 90.1663
137.169 69.9656
76.5384 195.804
91.6803 108.107
93.7218 114.909
173.245 86.3466
104.6 160.953
165.051 109.729
138.93 186.941
184.655 67.5625
68.4077 111.836
63.8001 138.295
102.766 34.907
68.9027 138.619
115.465 137.245
66.2629 119.627
86.7419 109.785
116.378 112.81
118.743 107.031
119.434 115.572
54.9418 47.3866
35.8313 153.033
72.9964 170.448
201.837 97.3513
49.9016 21.8641
193.369 106.521
26.8837 93.6425
72.8775 148.543
162.409 43.2872
190.068 141.088
53.8851 109.799
128.242 112.119
106.294 73.8559
85.4352 134.866
77.0561 87.228
87.9752 111.514
113.149 108.658
83.9 77.6681
104.166 105.713
106.059 105.962
138.668 61.9486
28.8034 112.86
107.894 148.618
102.552 88.599
81.4917 194.929
123.701 123.05
91.1363 97.7787
109.247 106.301
98.5722 168.676
120.977 4.18642
163.294 111.148
3.64437 127.174
142.259 70.4794
5.63406 129.329
116.227 134.02
130.407 114.573
15.2252 74.3075
79.6156 143.802
72.242 52.0704
133.07 147.61
73.7942 149.681
105.947 111.173
110.42 43.2333
104.714 106.491
164.114 119.413
111.189 10.5445
103.914 83.3317
149.304 69.3447
76.7968 78.992
149.141 122.952
46.0256 144.809
54.1637 143.012
94.1177 51.6326
157.363 153.674
105.136 114.256
96.3122 108.235
108.503 58.4566
101.27 97.0657
83.7206 74.5419
37.9786 141.74
163.822 120.413
158.769 82.2488
142.683 135.291
111.139 114.491
104.84 197.255
82.7389 143.192
103.674 19.5121
100.857 45.3565
162.348 144.997
164.259 108.381
132.249 170.793
198.894 135.07
159.44 32.3161
107.73 143.801
87.7228 139.07
60.2434 175.729
122.955 193.147
139.796 149.649
122.857 83.5644
81.2195 150.869
114.611 102.597
82.9246 157.47
89.2394 24.4946
61.6992 158.396
145.153 42.3198
128.744 139.643
97.7944 143.632
115.711 119.417
170.664 137.35
94.0717 182.843
176.371 48.1191
32.7122 122.84
23.3748 152.83
105.871 199.165
125.071 125.074
107.333 122.872
108.171 105.163
92.3039 80.1899
142.769 114.189
121.891 131.354
122.489 74.593
59.6731 93.547
47.4251 91.4779
147.748 68.024
135.722 58.4263
144.309 139.734
132.625 93.2759
123.486 79.4014
124.772 89.2223
86.5379 144.071
77.7635 20.4136
189.959 114.865
143.457 79.0449
113.703 120.034
108.665 188.924
132.581 109.374
116.479 77.7701
13.772 79.5961
164.504 78.3883
152.669 41.2261
121.803 99.5288
179.32 55.0819
99.0039 122.685
58.8289 93.4751
23.7502 147.901
65.5992 126.918
126.895 204.357
102.959 119.885
156.556 166.28
103.328 127.298
43.4872 78.4664
110.589 102.693
62.0506 144.917
107.83 103.86
9.74461 139.776
130.792 101.676
97.7557 208.081
136.578 133.763
111.242 94.0769
13.1511 117.82
174.603 38.4615
199.183 86.27
88.0216 92.2652
122.809 88.8188
47.3846 120.154
98.9723 137.446
40.9548 33.8028
137.786 34.6052
118.827 151.08
112.807 127.892
128.016 209.233
21.7195 52.4682
101.384 199.571
191.11 87.8704
98.6554 93.71
109.466 104.498
130.155 116.352
63.0218 14.0874
106.592 120.072
107.991 95.6566
178.108 103.762
5.96522 82.1906
143.481 158.454
105.477 69.9752
91.9242 187.807
24.9283 81.8653
129.658 117.558
90.2422 80.2492
86.1614 117.81
102.842 90.4814
106.027 106.087
144.778 103.698
114.016 90.8805
46.1818 72.1335
70.8516 104.61
99.8074 142.167
84.1563 150.125
129.919 149.34
32.9181 95.1399
59.5249 107.84
132.756 198.477
121.324 26.078
92.1113 97.4447
39.9552 111.007
94.4323 136.634
118.572 145.93
103.013 109.487
107.652 110.587
112.676 100.005
152.296 91.5995
182.887 158.048
52.5737 82.347
122.945 2.17381
170.582 138.691
113.679 12.6789
178.766 55.0887
64.6707 175.245
70.7871 151.087
119.171 68.6823
66.0933 105.72
119.532 123.745
100.421 108.196
96.9841 120.621
17.3582 111.2
208.399 94.8917
105.075 103.344
192.345 133.094
74.4193 113.883
129.074 105.473
134.879 107.372
46.0453 32.0679
159.585 63.3529
99.2179 142.733
111.999 75.6081
89.9929 90.2652
120.274 139.556
108.316 201.875
137.298 121.495
146.039 129.295
97.664 93.4772
129.633 99.221
96.1567 107.401
127.834 72.0974
96.4493 84.8062
46.0994 91.3262
121.003 143.81
110.125 51.5313
109.966 104.373
105.517 104.665
94.0409 169.091
14.4113 81.4535
107.351 127.452
111.599 110.683
155.768 192.95
138.741 51.2751
140.777 122.416
58.15 94.4783
187.642 69.5632
109.542 105.303
38.9819 77.7835
111.979 164.461
96.8838 100.99
144.913 126.81
45.0077 137.238
51.9451 25.6762
120.763 111.576
36.6781 112.683
163.407 114.496
110.133 76.3387
165.144 37.8488
59.6789 188.071
2.30515 91.1078
113.101 102.451
147.99 48.8125
116.379 148.575
85.2944 37.513
83.5397 144.121
79.399 52.9714
126.235 122.343
112.022 103.615
105.794 96.9721
138.269 140.128
169.162 103.445
75.0812 96.4952
178.724 96.9101
190.315 109.713
119.545 115.759
134.576 79.0153
122.582 104.369
127.113 129.956
64.4152 113.958
129.37 82.7218
162.061 114.017
130.629 160.718
121.688 109.908
151.184 127.517
141.617 69.9287
104.713 163.906
151.834 75.2911
95.4063 124.392
113.863 71.8855
141.952 74.0774
124.235 79.3229
120.327 75.9899
115.281 166.878
53.3126 150.415
102.943 96.8843
62.4011 142.297
111.954 60.839
171.221 127.242
126.096 100.535
111.737 101.275
44.0865 66.229
68.1579 40.4343
0.502366 108.619
92.4349 115.593
155.179 119.403
61.3708 143.433
86.1362 108.806
103.704 105.536
146.667 108.502
55.9462 34.1275
67.1315 132.728
90.3639 118.454
112.141 74.7661
81.4385 156.731
111.612 101.837
60.4129 64.7953
30.9088 49.9701
115.92 99.3102
139.789 132.255
106.958 88.0859
87.5198 151.617
180.589 151.195
93.3643 100.042
25.9351 141.911
97.8049 141.85
81.4026 19.8101
94.0319 188.878
112.44 65.1821
112.335 199.001
138.32 65.9808
28.6551 161.801
147.287 169.898
81.6953 92.4943
93.9782 48.9274
109.233 134.663
126.023 110.077
96.3774 94.6336
5.2938 74.7883
127.81 95.8724
54.7217 68.0429
34.6015 50.5311
44.9968 135.851
203.264 133.575
85.299 93.4807
60.7769 122.105
138.426 84.1874
171.625 165.677
138.796 114.935
127.81 120.606
67.9602 147.684
115.28 93.3175
135.819 118.814
119.568 90.1696
104.214 120.398
171.739 122.097
106.574 161.385
18.1213 96.6808
61.2557 58.7949
105.702 10.4658
67.7742 147.465
65.5235 85.0431
102.724 102.815
96.4828 105.715
122.182 175.531
64.0238 66.1962
137.245 32.7462
117.73 81.6338
20.4527 74.496
37.3492 61.1276
102.343 95.1776
66.544 145.422
105.807 100.568
89.0026 31.6
106.168 108.143
73.9472 95.7683
108.458 119.292
103.033 114.959
144.492 21.9523
103.738 31.9079
80.5854 173.023
23.656 155.23
72.1105 27.51
164.046 113.683
117.354 13.3261
16.351 79.2634
148.257 94.2241
128.065 30.2329
99.6112 123.12
65.7949 116.138
120.292 203.818
65.524 108.685
73.596 142.546
49.5665 31.1941
164.261 161.553
129.982 138.245
120.015 146.104
192.056 89.3512
161.493 78.3508
98.4104 117.984
136.727 139.683
111.986 125.623
35.1668 38.568
149.495 95.4062
111.718 100.534
35.009 132.294
34.1273 75.7564
75.0373 113.911
163.847 100.057
92.1271 123.056
153.628 13.2992
186.799 91.3217
11.0863 107.121
65.9571 49.2495
85.2479 106.363
120.431 143.171
166.419 93.5816
170.35 54.5051
114.635 105.554
137.107 78.0999
150.773 20.9614
164.557 40.3942
90.6014 81.558
138.982 94.7038
62.9705 144.072
105.243 108.168
140.748 129.083
120.384 130.528
26.5637 165.888
118.946 104.419
109.358 88.2363
94.0885 172.407
179.681 162.016
106.437 107.255
103.929 132.145
108.176 92.5412
99.6659 139.958
184.071 106.571
89.3879 103.778
165.781 71.3844
129.297 197.913
110.239 108.628
58.272 112.598
21.1168 70.4248
109.567 115.538
81.9138 125.976
134.12 7.23936
53.9991 15.4245
104.939 96.942
19.9692 142.791
65.8698 99.6774
61.015 148.501
66.2227 88.5062
103.842 99.0597
127.44 51.1648
45.611 167
81.6522 71.6267
64.7091 141.356
102.897 104.652
164.815 92.4813
111.862 120.556
61.6186 73.8689
105.718 106.488
75.2392 132.571
42.2077 127.554
109.689 82.9946
82.8808 208.205
102.671 105.415
157.508 122.648
95.6371 125.069
95.014 18.8668
112.601 106.229
62.6885 75.3631
83.7523 73.2544
79.287 54.9283
148.102 201.892
84.0008 142.709
104.719 14.9838
126.072 80.8652
102.765 4.91064
14.7595 76.7931
88.8938 137.309
107.146 94.4907
148.605 99.9531
122.271 22.546
22.4848 41.7492
123.233 54.215
169.432 100.267
171.913 157.38
63.2531 90.4461
136.673 88.5841
74.8706 31.7734
15.5813 118.054
106.238 105.507
119.279 61.8165
70.2152 80.8166
57.8717 141.439
99.8927 8.02267
119.427 108.033
168.676 114.283
101.326 68.7478
64.879 179.089
51.3858 135.041
103.607 83.0024
58.6681 64.3225
84.5276 110.888
96.2038 133.668
48.1574 132.115
189.425 57.5862
138.319 145.44
88.7844 113.569
99.6323 11.223
93.4326 137.576
22.8977 60.9696
102.219 72.8681
112.301 187.378
197.282 66.2049
139.133 81.2823
53.1601 88.1251
54.2083 161.1
90.0407 70.1201
90.9576 104.284
147.276 171.504
87.6 100.582
156.041 75.2774
142.935 105.857
69.2928 126.022
48.7801 113.585
113.121 129.817
98.3541 122.377
149.671 24.4225
156.303 40.6824
113.403 123.677
84.3511 100.24
50.3344 36.7437
98.7791 114.93
111.705 201.406
102.182 105.373
111.128 120.235
203.841 93.8913
123.86 110.993
155.495 129.057
50.1025 161.334
134.007 140.699
105.658 138.453
102.612 77.0071
96.7067 150.64
171.529 60.2946
60.4085 48.7276
44.1636 136.251
92.0977 34.025
43.6844 35.8654
142.771 174.413
39.1053 125.189
195.651 129.06
156.315 183.926
101.271 104.19
133.782 44.7607
106.348 202
83.7138 134.704
167.674 139.902
65.1085 52.5902
100.157 132.18
101.986 136.878
104.407 101.992
127.797 112.195
118.144 100.953
116.076 106.217
122.464 147.035
130.086 82.1458
162.543 59.4124
99.8915 110.387
127.639 91.4878
130.14 104.974
97.7895 105.679
134.805 102.053
62.1408 99.7158
112.879 14.2279
122.351 154.149
53.473 122.225
121.303 61.9738
58.8031 103.941
113.174 73.2927
94.062 99.6344
51.5918 138.508
138.242 125.343
97.8969 166.144
128.755 143.286
144.772 41.5789
76.9101 60.8124
82.0567 19.916
163.702 150.534
96.6758 141.257
106.898 116.908
127.577 61.9064
119.98 125.702
89.8452 155.682
45.5013 71.4619
11.378 114.652
115.45 64.8891
106.964 93.6186
173.662 79.3878
81.7729 103.873
54.0488 61.8976
129.276 148.652
114.956 110.256
63.6051 79.3729
78.2575 93.8037
170.278 106.071
53.3893 94.9653
99.4011 118.922
87.4532 88.4493
128.434 106.373
104.773 105.323
89.674 107.392
99.8288 186.608
124.561 146.389
74.3111 186.222
38 45.3396
67.4986 58.6595
113.277 99.2513
64.8731 146.342
72.149 90.0444
36.6972 162.776
138.493 111.201
116.092 101.381
101.257 161.667
129.909 91.0535
69.5723 113.09
7.83346 116.687
43.9378 111.962
56.0295 44.332
106.024 107.495
163.351 31.7922
141.912 110.349
101.29 103.558
79.7249 107.549
152.325 89.3779
139.434 125.365
88.5604 186.451
159.23 153.729
193.914 92.0753
107.234 108.986
72.5868 191.183
50.4292 27.4108
14.646 68.6484
107.869 111.637
154.625 141.116
37.4616 71.9032
110.739 196.212
125.426 71.0523
109.096 106.539
121.648 114.069
42.9643 163.962
154.77 152.352
107.892 173.396
73.6798 116.187
186.501 48.3967
121.325 5.29828
155.87 19.3487
105.714 140.089
103.202 110.891
101.245 191.046
77.9248 178.969
57.9085 49.7857
133.553 98.5763
156.509 121.815
124.595 46.0958
146.358 128.425
19.9581 97.3904
66.3024 148.135
168.147 85.0196
161.903 175.254
142.326 161.139
126.158 157.331
186.567 64.4253
89.0868 119.694
148.677 81.6822
171.247 24.5213
113.051 100.587
141.923 186.945
73.7382 112.247
179.767 37.3098
111.026 128.006
117.687 122.222
106.737 110.064
31.4068 112.862
118.743 105.085
109.033 100.406
131.038 38.7071
101.133 141.221
13.0485 111.202
158.903 77.137
108.44 82.6339
108.802 194.537
122.21 103.127
110.755 107.393
33.7411 55.0528
167.598 117.697
70.6993 75.6965
51.1372 111.801
108.339 85.3104
42.1947 76.9112
94.584 104.858
135.464 154.155
161.934 142.397
95.2791 209.29
149.567 105.154
146.156 111.931
108.332 47.7997
156.884 79.7673
107.038 106.456
73.5574 160.631
106.198 114.592
150.248 103.681
65.0846 77.1893
70.7494 37.1656
78.4688 133.719
104.511 193.692
44.3413 91.5679
70.9602 175.106
205.557 89.9393
78.3144 178.506
165.318 43.2504
78.8801 81.3557
117.94 124.549
160.284 87.8785
82.3354 70.8675
74.4233 194.672
101.455 99.6559
91.7486 21.9393
100.383 104.031
196.864 72.0642
170.465 177.218
108.018 124.769
43.6689 175.632
15.5278 112.379
34.6139 137.925
91.5353 96.295
140.667 79.8287
150.538 99.0522
110.346 206.513
161.732 72.0447
135.147 99.4281
82.9522 13.1508
100.306 113.773
90.8287 67.7979
91.8365 71.7252
110.732 102.095
146.524 132.928
95.9822 104.974
97.5209 169.372
111.627 90.4808
129.287 115.611
158.289 165.722
163.863 136.063
209.607 124.379
56.2935 139.575
89.6476 78.2877
63.946 73.9691
4.0455 100.803
107.276 109.143
33.8204 120.719
73.5322 10.8799
157.47 174.241
38.101 150.884
133.447 53.2207
164.336 64.6956
119.915 163.215
104.128 116.37
27.8726 130.74
101.036 114.39
89.2454 83.9613
55.9963 130.028
82.4527 113.85
163.251 19.5376
201.85 75.6927
91.6318 88.0531
144.584 175.261
82.1838 95.236
53.306 73.7559
105.781 105.98
107.204 110.09
140.525 142.19
115.642 115.933
103.098 106.396
103.447 119.214
132.288 12.7755
139.709 34.9162
113.789 97.2917
102.995 77.9797
21.5292 59.3875
136.655 188.236
105.669 104.907
128.22 3.14746
76.1559 97.0397
118.697 71.4854
22.4737 170.925
148.988 31.9126
36.1547 82.9628
103.204 105.074
105.132 98.6191
89.4873 80.3106
109.366 98.1881
145.643 96.729
165.659 99.7257
97.0181 128.8
157.245 138.008
58.2721 157.187
141.202 38.2136
66.1602 64.7395
104.575 130.921
139.202 87.9523
137.162 115.805
191.132 137.996
141.274 153.177
102.847 178.884
112.977 78.0758
156.975 62.1627
117.821 28.1339
131.644 174.653
44.423 160.695
175.152 157.194
179.057 98.5806
75.7994 6.91929
133.678 89.8063
34.7408 99.8816
103.854 139.281
51.9913 144.991
187.636 114.592
100.179 134.392
59.8051 149.065
122.827 106.667
197.755 57.5508
142.6 133.204
55.1158 81.435
141.379 65.259
124.078 133.74
172.997 80.875
142.179 126.036
79.8149 76.5864
108.588 127.522
60.3239 150.239
53.1844 121.835
112.29 198.527
126.718 102.606
153.271 91.3332
97.0709 146.526
141.293 67.8373
107.674 104.624
177.776 111.356
102.954 121.005
10.1108 141.406
26.7073 145.846
189.256 166.169
104.925 104.76
23.8259 109.186
106.135 107.841
125.948 147.251
97.4509 127.179
75.3913 71.3448
93.0604 149.678
145.515 146.6
111.315 83.1465
141.313 119.509
34.8263 77.8723
168.704 77.6114
138.193 116.119
92.9287 105.418
166.829 100.436
93.6039 202.775
188.5 62.5198
113.364 103.035
9.76985 63.7601
154.161 109.858
96.6403 200.487
48.7595 84.6525
135.509 199.163
34.9266 84.4328
138.475 41.1631
138.479 157.476
155.718 99.836
88.109 100.513
143.603 93.7375
9.04515 100.591
188.442 93.202
50.9328 140.917
15.8736 152.344
42.0322 118.927
49.6337 167.869
52.4169 97.9959
109.016 109.492
105.922 111.619
150.083 78.3694
187.535 107.527
45.0871 100.218
97.3689 100.227
117.989 107.577
146.527 166.169
154.086 107.343
123.599 140.981
109.318 6.17773
108.548 116.774
115.016 60.2974
97.8905 60.5194
106.055 108.443
72.5719 88.2633
107.568 104.302
138.534 71.721
92.9146 79.5072
81.2832 153.627
125.556 188.65
106.402 90.6732
109.346 118.24
109.241 89.0148
8.93787 118.486
134.687 127.848
102.472 110.666
127.62 151.761
84.3115 131.415
59.4433 35.4953
109.418 109.686
25.8471 136.001
106.023 106.14
25.7928 44.4165
125.478 136.683
129.234 108.05
118.372 66.9619
91.4377 73.8772
89.1687 103.331
9.58859 76.3123
93.8099 177.491
147.342 74.8648
92.3191 186.048
118.465 60.033
16.2853 115.929
105.184 103.125
85.691 90.6091
118.88 115.154
204.589 116.324
74.687 24.9204
104.204 114.256
167.159 133.89
171.282 143.48
59.813 59.2383
49.9471 117.155
100.535 90.4822
66.0321 48.0812
96.8488 86.5631
151.724 175.987
47.9498 103.106
164.893 19.531
104.771 155.741
165.977 70.2486
145.622 56.2283
149.017 182.755
114.614 119.799
158.672 72.6916
75.3616 113.449
176.017 120.308
107.893 181.666
97.1619 123.151
145.719 60.5338
121.456 145.936
79.7799 85.757
100.516 107.724
122.992 87.4721
171.939 143.72
117.858 101.854
119.704 94.0135
41.4901 158.208
200.675 95.0705
137.764 135.929
53.558 28.4773
141.874 137.268
209.701 112.088
83.3397 191.483
102.063 112.854
178.406 128.998
12.4413 151.386
79.2646 21.8174
111.835 110.08
58.9972 42.6202
51.5498 47.3245
124.368 115.96
209.101 80.9907
71.0602 25.1305
100.146 70.4304
184.989 62.9682
88.372 128.826
65.5725 52.322
35.0976 159.408
52.9195 36.7657
88.2468 6.25733
85.2426 154.64
195.959 108.211
120.661 101.614
87.2397 81.7626
173.518 182.555
120.225 184.43
54.4152 74.6898
117.588 104.161
131.527 193.388
59.2853 98.6668
78.6555 91.0425
71.3571 43.7457
95.708 182.14
101.797 105.922
144.121 149.572
189.623 128.674
210.072 88.0152
186.55 162.102
114.891 93.682
134.11 109.217
160.19 137.285
59.8478 55.9917
114.026 4.12655
99.7823 116.216
170.074 135.02
115.351 84.5277
135.59 104.58
88.8995 86.2381
178.399 145.588
106.495 96.6281
136.711 106.69
44.8336 87.1637
34.6971 165.739
106.728 80.6353
145.97 21.6056
61.5586 145.806
134.411 120.993
176.313 148.446
45.8925 18.9612
102.949 61.4694
151.058 173.772
107.344 93.0101
88.2404 148.648
139.769 53.7095
169.919 106.538
163.069 104.205
165.357 87.3087
89.9254 110.116
90.8145 122.281
15.1191 103.695
129.921 122.948
172.997 185.48
71.9678 194.671
97.4629 112.785
86.0445 106.045
105.921 109.574
156.134 47.3297
109.933 158.556
111.474 93.2746
81.0478 56.1388
25.4355 77.502
90.4649 199.586
48.7193 114.705
124.607 123.663
123.059 143.286
117.118 29.4498
109.288 193.891
133.63 103.304
96.3471 51.0774
80.7867 92.3986
64.5048 86.6978
112.262 119.369
71.8514 91.0484
168.789 104.525
106.952 99.9528
88.174 89.827
202.479 126.409
160.633 47.3871
106.795 102.155
50.5572 131.348
34.2512 96.8803
10.5187 66.673
71.2086 102.657
205.713 102.522
100.988 98.5009
137.1 83.1838
54.8742 189.857
97.1829 122.671
133.507 85.6124
117.489 103.34
80.2539 91.488
101.787 89.3694
60.5276 155.496
134.65 149.989
68.711 17.1518
117.864 93.041
68.4791 35.432
110.992 118.584
152.883 55.6836
174.964 77.4558
42.5646 86.1129
194.313 160.05
16.0657 120.566
138.536 195.946
84.7761 120.604
90.2508 162.73
102.497 99.9957
139.579 126.959
177.509 79.7395
57.0555 127.679
13.0351 111.027
198.18 98.9744
118.903 89.2651
77.7712 96.7974
60.277 177.949
191.662 82.0412
148.764 202.31
71.1794 15.1712
142.098 162.287
202.129 92.3812
45.6909 107.824
94.058 94.045
98.6303 101.149
190.637 42.6411
141.268 59.4407
51.3821 149.635
118.233 58.6716
111.648 94.2278
98.6206 52.6365
168.96 86.5448
136.963 175.85
20.0307 110.185
146.008 193.819
108.516 107.886
13.4167 138.986
57.6163 174.856
207.391 79.2858
207.553 77.0471
112.079 166.228
72.8049 90.7497
189.844 71.3354
84.7312 31.6446
118.611 113.188
75.1241 106.566
8.53056 113.245
162.914 123.301
102.788 143.288
130.732 140.572
23.3813 114.297
74.6939 162.799
133.667 88.9484
106.716 106.059
168.37 42.3644
59.5664 93.8101
28.8026 162.534
123.749 48.7569
81.2808 152.946
82.7209 92.7478
33.3996 163.504
96.3271 104.289
101.861 98.2556
94.2568 173.787
137.262 82.7274
93.2652 118.635
85.8732 78.3945
75.1853 123.994
98.7075 92.4156
112.877 95.7391
100.582 101.118
182.769 99.9359
55.4434 102.612
153.48 173.383
99.5237 87.3409
17.7445 121.933
119.437 114.562
106.359 106.021
42.1742 72.2464
71.7202 107.161
133.676 99.6956
38.5514 108.057
50.4479 140.29
153.889 50.1269
91.6902 105.151
101.87 103.154
122.638 64.2068
113.4 201.774
106.958 106.071
33.9328 68.2917
104.815 19.722
116.16 122.82
72.9048 85.8924
118.386 38.5575
103.851 136.489
94.7508 110.464
97.7804 105.739
132.926 79.577
106.148 105.788
73.9894 108.468
139.219 19.1673
87.5048 141.59
128.421 36.3045
102.475 124.88
137.815 69.0304
101.291 122.587
171.866 47.2225
114.131 157.63
149.504 169.387
25.9718 151.991
183.656 131.073
157.275 78.1787
123.634 150.307
95.9224 11.9614
132.727 59.2703
121.198 116.736
180.316 134.314
104.492 102.279
83.1309 84.3787
52.3205 50.6334
40.6794 148.975
76.1005 197.842
82.4163 122.448
116.546 130.46
107.57 10.9224
94.7923 108.852
75.222 80.2757
58.068 61.8331
82.8663 128.698
161.53 154.86
89.6591 97.4514
101.41 133.331
69.4684 56.3315
91.3494 82.0115
201.602 70.0609
96.7297 88.6515
72.6806 181.295
125.955 180.643
85.0786 112.823
130.802 44.5534
157.112 31.2661
61.6143 168.544
83.3709 180.06
105.856 153.745
163.616 143.993
105.941 98.7264
54.5921 40.5643
74.7087 66.2758
88.9501 136.157
132.278 106.839
146.537 74.4488
63.8452 115.913
108.856 101.193
62.2017 149.144
49.6926 164.64
123.766 114.744
94.6789 169.708
187.578 104.701
68.5885 173.142
107.824 107.006
13.2264 56.969
43.4961 138.605
126.564 133.56
31.4552 170.079
151.774 112.086
104.066 6.9054
85.4524 100.408
10.4657 130.041
31.3415 66.9199
108.822 93.9809
125.224 107.727
124.323 118.105
104.403 127.963
167.363 148.441
101.589 111.614
105.338 101.248
91.665 96.6152
139.061 77.2775
52.3591 105.61
99.2818 56.6974
183.484 48.9611
102.334 41.0484
131.901 22.2206
75.0406 116.742
30.3896 81.2107
125.465 94.5009
42.92 88.9567
146.374 64.0993
147.293 154.94
179.189 105.313
50.8674 173.468
105.977 105.932
88.9385 118.684
95.1776 116.982
104.719 114.948
42.3528 61.9718
82.6025 45.4141
62.7843 96.7855
166.762 94.767
163.77 129.666
158.028 160.371
90.4719 87.1243
87.5197 69.1813
108.745 140.17
152.261 106.443
132.495 62.6494
67.9454 38.1533
100.866 107.74
83.7243 131.641
123.209 76.961
105.994 105.37
102.75 106.349
103.584 96.0474
66.5278 166.43
120.461 65.0721
142.022 117.752
179.596 63.9413
97.299 121.834
62.8076 100.828
129.977 97.5054
113.876 106.091
135.359 106.946
100.076 49.7311
107.058 86.9417
135.715 207.833
128 61.3541
109.479 129.576
101.492 89.965
79.4061 85.2835
128.299 85.3214
105.247 141.641
109.561 87.8485
141.307 143.273
169.524 23.57
134.704 130.672
106.525 196.682
156.215 145.278
189.754 43.4977
99.3994 101.011
85.6492 92.1679
104.163 105.731
133.216 159.444
47.6118 108.953
84.4041 177.409
77.9036 28.7145
68.2905 91.2966
94.1233 67.9248
36.3154 175.51
90.1693 79.0985
68.7457 132.716
112.352 163.921
98.7183 27.0144
120.728 142.283
50.9187 43.4702
181.05 89.9444
111.409 65.6952
169.689 156.989
133.386 137.079
71.3872 44.057
48.8812 142.395
108.34 101.628
126.347 109.49
58.7871 126.859
169.732 78.8275
134.107 147.775
8.16672 120.282
106.728 105.524
71.9446 154.324
32.8887 80.5186
166.569 131.678
104.806 192.747
144.816 105.015
105.849 92.0212
113.184 171.156
111.586 153.201
199.493 61.2109
139.526 91.0965
124.618 140.014
142.254 113.817
86.448 107.899
86.3403 186.443
101.47 80.5827
106.415 95.3645
121.093 73.5142
51.6382 98.6913
179.552 127.339
66.097 58.5953
98.5605 133.404
179.104 67.2504
141.835 141.032
102.759 115.81
125.516 16.1175
107.867 103.153
107.674 94.8702
100.58 195.251
164.026 141.293
107.931 113.296
122.09 79.3187
96.962 104.01
99.2512 110.863
94.4752 8.0964
176.86 153.23
150.922 152.491
170.112 136.208
129.176 13.9175
64.6474 138.588
84.9276 72.2382
113.546 116.722
195.714 88.7527
112.146 107.617
104.449 66.6046
146.365 90.5002
70.2809 18.5285
136.082 163.997
138.904 109.002
80.124 179.439
93.4782 114.315
187.313 163.76
113.341 94.5149
156.643 144.973
81.5717 87.9694
129.982 135.193
59.8948 147.767
152.922 135.488
107.955 108.604
132.234 49.9314
139.958 109.033
61.6459 62.3693
103.05 98.0219
112.569 103.83
67.5012 175.004
4.71483 128.364
53.0358 45.5392
134.913 100.165
103.413 98.1257
74.0782 116.671
122.148 124.401
148.312 150.295
174.477 112.358
150.124 111.969
77.1328 163.662
109.787 99.5977
83.7648 132.589
93.4583 143.812
99.6185 128.425
206.962 77.6536
160.115 174.033
19.1678 164.805
153.66 127.943
147.339 77.08
87.897 88.1403
108.257 109.764
109.84 139.34
121.839 133.415
50.2875 126.486
179.549 110.233
157.36 51.271
101.13 151.831
120.026 195.049
140.601 110.226
127.677 44.2058
115.34 88.9055
169.092 33.5918
182.237 33.2671
102.227 172.766
189.758 71.1684
117.725 52.161
108.994 74.4914
181.935 152.331
73.1245 54.1968
106.264 163.995
137.728 193.923
86.691 182.05
147.231 78.6482
28.6945 161.276
96.3729 85.6512
107.005 106.889
161.924 193.581
124.911 183.836
161.425 106.033
79.5326 130.134
147.924 16.397
132.912 10.1115
120.486 114.719
133.099 110.068
178.764 87.0874
105.143 109.389
157.424 83.7667
171.268 105.479
91.3018 16.1042
118.846 108.128
105.239 104.768
157.96 185.104
172.887 124.717
109.662 169.949
154.083 38.4023
131.317 186.245
85.6981 62.2731
125.323 66.0367
131.199 123.467
60.6678 125.43
118.777 6.03026
109.066 138.546
28.9877 107.288
35.2122 112.713
104.592 109.095
104.016 102.845
110.848 115.009
132.436 89.5982
154.677 105.089
198.538 63.638
63.0334 81.0054
28.5054 51.8493
128.56 110.7
73.8464 190.416
136.015 67.0533
141.642 166.389
179.29 81.3777
195.125 116.341
103.874 73.7268
107.421 104.854
114.019 149.844
74.2651 104.063
121.374 100.734
152.053 64.7723
113.518 98.955
171.375 73.3419
98.4477 83.749
162.156 154.833
70.5032 43.6918
158.629 159.107
78.3095 41.4319
115.602 117.702
131.307 59.0752
162.439 164.52
43.975 36.2633
76.5427 8.33683
111.947 131.544
94.859 82.8106
95.3355 95.4893
123.525 81.4921
200.789 112.188
79.2262 12.2026
19.3023 116.779
104.99 108.332
141.11 36.6009
126.602 81.1556
114.794 26.7164
119.499 70.6876
52.6028 60.7705
155.422 52.3089
80.3079 148.35
71.5901 116.986
185.673 87.7901
111.28 136.125
85.595 110.906
144.532 46.8417
157.736 160.039
118.688 151.944
130.148 123.931
193.192 46.4714
122.033 203.213
33.6709 117.938
97.0141 62.7326
125.637 155.219
164.908 167.311
55.2716 38.4328
70.328 68.6367
144.074 49.9823
101.446 166.77
91.8872 147.504
121.828 188.938
97.6958 132.287
118.43 157.914
104.37 108.693
108.653 105.12
92.3356 146.799
105.635 107.808
102.104 68.6663
55.42 89.3701
105.53 105.706
42.2406 107.966
131.722 59.383
139.02 131.753
80.0132 152.915
27.5712 102.723
146.944 55.6659
78.8198 77.2863
164.816 188.523
186.385 126.747
57.908 166.54
154.234 63.8825
