250 250
34.0252 33.5171
33.4428 33.472
35.0813 34.1193
31.8417 34.4262
35.6662 32.122
32.8229 32.4768
31.9634 35.8819
32.8147 33.8042
32.7349 31.2832
33.1468 35.1864
33.1524 33.3297
34.5787 34.9037
33.993 33.5979
32.8957 31.9877
34.6027 33.0315
33.7421 34.0481
33.4767 34.9842
36.5031 33.2699
33.308 33.1168
34.7666 31.5602
33.8993 33.9227
34.2532 32.8959
32.486 34.1395
31.9765 33.5898
33.5583 33.1912
33.6387 33.9665
33.0531 33.2053
35.219 31.6109
31.9857 33.1387
34.7473 34.6182
34.3897 30.7857
32.7431 33.2644
34.4555 33.5568
33.6088 33.7418
33.4182 33.6152
31.2707 35.0157
32.7213 31.3436
33.7688 33.5491
33.1561 32.8023
32.2143 35.9394
33.7674 32.8918
33.5183 31.7179
34.6805 35.207
31.713 33.7064
33.4817 33.4046
33.3732 31.3861
32.669 35.0142
35.158 30.9846
32.1864 31.3423
34.348 31.2989
33.9311 32.3757
35.1009 34.6245
31.2597 32.4661
31.798 34.0631
31.9569 35.136
33.2809 33.3754
35.8874 35.3167
33.0295 32.878
32.3389 32.9292
33.1181 31.5004
34.0016 30.664
35.0097 33.0853
33.687 33.2637
33.3135 35.0014
32.5144 35.1313
35.6973 34.5595
34.9627 34.0689
32.9412 32.471
31.7376 33.686
33.1831 32.6842
33.4386 33.5001
35.603 35.1421
32.5365 34.0966
30.7482 34.4361
32.3962 33.8807
34.4593 31.886
34.3144 33.5593
32.4106 32.762
35.6366 35.6512
34.3261 34.1678
32.831 34.8522
33.2086 33.0918
33.2415 32.5824
34.1388 33.4783
33.3969 33.7885
35.5668 35.591
33.5555 32.06
31.9063 34.1381
33.5246 33.5183
35.7578 33.4423
35.2142 32.9165
32.7385 34.9767
33.0212 36.2553
33.4199 31.5811
33.3084 33.0445
35.0213 35.5172
33.871 35.3916
33.4637 33.3202
31.4588 33.5077
31.3129 32.7802
34.1581 32.2848
32.9555 33.7559
32.1882 32.4385
34.6943 32.789
33.4494 32.3167
33.1997 36.3682
33.4965 34.2309
34.4951 31.1697
36.1909 32.7829
32.2507 35.1722
35.3343 32.6152
33.5693 33.5472
32.7323 30.8542
31.7741 33.9246
34.8936 32.5282
30.6467 34.4206
35.6671 32.4871
35.6298 32.3581
31.6517 32.8768
33.5397 33.1097
31.1725 33.8958
32.5781 33.6815
34.2393 33.0478
32.5612 35.0812
33.8063 32.3574
30.8764 34.2899
34.569 32.4101
33.2181 34.6835
32.9307 33.6196
32.118 33.4831
33.6679 33.5384
32.9089 31.7147
32.6044 31.9723
32.9518 34.8314
35.0812 34.8486
35.3491 35.2773
31.746 32.3855
33.477 33.6854
33.3888 33.8796
33.2242 34.5976
35.3864 33.4949
33.5012 30.8151
34.6529 32.7528
33.9376 35.0468
35.1307 31.3752
33.5353 33.4651
34.8019 34.3827
35.0724 31.2776
35.4061 33.017
32.8683 33.8468
32.5596 31.6737
32.3169 34.8128
34.3776 33.8123
31.835 32.7044
33.9983 32.685
31.7338 32.0708
36.4216 33.166
33.8282 34.1989
31.1631 32.8296
32.8339 32.0333
33.502 32.5106
36.0285 33.0668
34.9599 33.0587
36.4623 33.2818
34.0688 34.6839
33.9118 31.4035
32.1841 33.458
31.2013 33.5318
32.0691 32.4197
31.4417 34.5766
31.1568 33.7112
33.5426 33.5418
34.5278 35.2543
33.3614 33.6941
33.771 32.8435
33.5309 33.7635
33.4545 32.7621
31.6735 33.5946
35.3227 31.2181
33.1676 31.7198
32.1971 34.4948
35.2689 36.0147
32.1349 32.8974
34.1781 32.4628
33.4578 33.1498
31.5306 31.761
31.7268 33.6069
33.1866 35.3221
33.2614 34.8183
36.0233 33.2235
34.5571 33.8149
32.3184 34.4649
35.5747 33.908
34.7612 31.7638
34.4479 34.6317
34.5377 34.0654
34.941 33.3554
33.7359 34.5461
33.2855 33.4557
34.7657 33.1949
34.7962 35.1518
33.559 33.9735
34.8146 33.3947
35.2909 35.2737
33.5799 32.4363
33.5225 33.5341
32.3292 33.9643
33.8505 36.3512
33.0547 30.5704
31.7353 31.6328
33.7308 33.8875
33.4634 33.5533
31.3019 34.6814
33.4877 34.5665
32.0429 34.9136
32.6338 31.5865
34.8025 34.9582
33.8778 33.7819
33.0439 35.081
33.6869 35.4548
33.7496 32.8636
34.0435 31.1868
33.1469 32.8827
30.6735 34.3206
33.725 33.9306
33.6478 33.808
33.6116 33.4486
32.79 31.9435
33.7922 33.016
33.0973 33.9144
31.4168 34.263
34.2689 32.49
33.6887 33.9448
31.1892 35.0337
32.8741 32.6299
33.4754 32.3363
32.9341 34.0182
35.5113 34.6147
34.8739 32.7436
36.0237 33.9484
32.8071 32.5788
34.3265 31.884
33.5624 33.6827
34.0082 34.8344
31.5094 34.7749
34.9055 32.4611
32.8889 31.0806
35.0765 35.379
32.9724 34.2446
32.6528 35.4286
18.314 63.3249
36.9636 65.5739
57.9131 54.1736
39.0746 63.7054
52.0518 8.96241
49.9505 5.53363
33.9036 64.7425
4.12041 45.7527
33.5175 2.07143
41.5589 2.74988
11.1639 58.0573
9.9024 56.6381
20.7784 5.53042
28.6547 63.8669
29.7461 3.23498
42.4271 65.4055
25.0369 63.1285
49.2294 5.33601
6.36599 48.5752
20.2001 62.9129
3.54783 48.0495
53.249 59.8846
62.7156 45.6693
4.1768 24.9577
63.6091 23.2913
14.4867 59.277
57.5291 56.3722
56.3445 55.4044
53.0453 60.7403
61.2179 51.3585
47.3854 63.6046
41.1557 3.15873
16.6073 5.82347
64.8499 34.2451
2.5312 37.456
57.6935 55.506
2.66555 41.5953
61.6143 20.8964
3.3763 42.1726
58.9402 12.6382
1.27532 30.2107
65.6307 30.6906
3.56985 25.1977
23.207 2.60352
43.3057 3.67794
51.7676 5.90136
64.6876 41.5747
41.2264 2.40098
5.08574 21.7906
60.0257 52.5796
11.9241 8.05005
65.092 26.1359
50.6036 61.9126
1.78167 23.7184
38.2174 65.7772
66.8873 32.3001
25.5618 64.6515
4.65647 17.3677
64.3945 39.8337
18.2846 5.50048
4.1723 46.4767
16.7912 6.21379
9.41039 55.7711
6.73977 48.4813
59.8434 15.6536
10.5928 12.4018
45.7202 4.8872
23.6873 2.9247
8.68442 55.6774
52.5589 7.97258
15.6721 8.66768
1.72154 26.2568
49.3402 5.32284
36.4346 2.36106
21.3819 64.6208
10.1132 11.7545
62.8867 18.6705
34.7529 66.2678
1.54576 32.0539
7.09464 49.7556
61.733 16.7998
56.4338 56.6552
56.4708 9.13424
28.3234 1.16997
22.4156 1.98319
6.08516 52.7258
1.62206 41.4674
1.88653 23.3218
47.8633 3.42756
63.3906 20.1043
59.2736 53.5251
64.6794 36.6736
54.4796 7.42512
7.21712 51.4729
13.3059 59.364
0.590997 35.771
27.2708 65.7802
25.8501 3.43362
42.5806 4.20211
3.97231 47.6964
2.14341 41.0691
64.7155 39.2987
8.35732 16.002
54.1135 7.83092
3.23235 22.932
47.1144 4.81229
13.1614 6.98033
19.6651 61.6965
19.5181 63.9315
30.9651 1.44478
43.5989 2.15723
6.91566 18.2018
17.048 7.29877
31.6807 65.8736
3.93305 18.2848
44.8492 63.4438
57.0119 53.2837
13.7489 6.67333
9.02765 52.2393
12.6929 9.84025
28.7462 1.78758
4.37576 42.5469
0.500601 38.3873
7.32892 17.5325
2.61104 35.1809
8.49621 13.584
53.5871 58.4758
41.8479 4.00811
44.7173 3.46933
3.11982 35.8828
65.9057 32.2499
63.6005 19.9616
35.1722 64.6901
30.5176 64.9231
39.7971 2.78292
56.1809 54.1762
65.7384 34.9798
39.5486 65.7802
51.1544 5.78591
0.874738 27.0799
40.8343 65.5949
64.2564 33.494
62.8962 43.5135
13.4826 60.1345
56.8508 57.4427
5.84257 49.2342
4.27393 49.0416
65.8368 29.6745
25.6902 64.2248
38.2741 2.30534
59.2016 52.81
3.22985 43.2052
61.9693 46.3438
62.0241 19.782
13.3293 8.23007
0.735103 40.1186
20.4509 61.6132
2.06385 36.8666
27.2074 1.77004
60.7483 51.7508
63.1873 46.4287
46.0168 63.865
63.8091 43.4348
2.75957 32.9497
19.3288 62.8047
55.0541 10.7311
57.8103 12.3772
54.2157 9.50147
7.49942 53.641
56.6651 12.5612
54.8614 10.2932
47.5899 62.0803
48.5134 61.0137
8.16872 53.5269
48.518 60.445
7.20352 51.5466
29.1341 1.80513
3.03571 28.1989
47.3379 62.5725
14.8453 59.8786
7.39371 17.8209
62.3974 21.907
19.6971 5.07926
2.61031 37.9634
31.3244 1.27038
3.75135 43.049
33.8454 1.10695
30.796 64.1611
19.2661 60.6967
61.4381 50.3692
43.4238 63.9452
19.9579 4.53945
60.0541 13.578
47.3698 64.0057
9.10138 13.3903
40.7436 63.1963
63.8925 28.6977
28.4657 2.75175
33.7902 65.6056
52.8358 58.5647
63.7335 38.6452
11.6735 10.4277
2.9589 28.6335
33.2097 1.53714
19.506 63.4887
65.3259 41.7559
66.9701 32.1816
61.5089 47.8856
3.39174 20.3871
9.644 56.1309
47.6515 6.46609
41.4957 65.5821
59.624 50.4267
44.3757 64.8019
28.3323 0.988008
34.1086 66.7797
21.2379 63.0328
16.6683 62.073
11.16 56.35
49.4306 61.0213
51.1623 58.6232
24.3401 4.34758
6.40304 17.6201
16.6598 60.3103
63.684 23.6492
40.3962 64.7746
1.37368 34.5869
3.19741 43.7239
2.14605 42.149
13.5034 8.52604
21.4766 3.39073
61.124 48.4049
65.3106 30.3686
40.5327 2.3453
66.0591 37.6066
2.78091 44.6356
38.4176 2.44558
16.9781 59.428
50.4981 6.85498
58.6312 15.8074
10.6399 11.3595
52.2541 59.747
7.69299 14.9101
50.5862 59.0441
38.151 2.73294
37.8876 64.8906
58.7769 12.4289
48.2264 6.44857
12.0565 9.96026
30.7497 0.402119
