250 250
38.8941 33.2766
32.4552 32.7779
50.5693 39.9339
14.7548 43.3266
57.0353 17.8536
25.6023 21.7761
16.0995 59.4198
25.5119 36.4505
24.6291 8.58052
29.1823 51.7313
29.2443 31.2047
45.013 48.6059
38.5383 34.1702
26.4068 16.3686
45.2785 27.9083
35.7642 39.1467
32.8298 49.4964
66.2879 30.5432
30.965 28.8506
47.0904 11.6419
37.5022 37.7609
41.4146 26.4092
21.8772 40.1576
16.2443 34.0798
33.7325 29.6738
34.6213 38.245
28.147 29.8296
52.0912 12.2031
16.3466 29.0937
46.8773 45.45
42.9238 3.08015
24.72 30.4833
43.6504 33.715
34.2903 35.7612
32.1832 34.361
8.44145 49.8445
24.4783 9.24829
36.0589 33.6303
29.2856 25.3744
18.874 60.0557
36.0432 26.3633
33.2895 13.386
46.1378 51.9589
13.3316 35.3688
32.8849 32.0331
31.6861 9.71825
23.9006 49.8277
51.4172 5.27899
18.5648 9.23322
42.4624 8.75364
37.8532 20.6575
50.7855 45.5191
8.32017 21.6573
14.271 39.313
16.0284 51.1741
30.6654 31.7103
59.4806 53.1712
27.8862 26.2113
20.2514 26.7767
28.8656 10.9818
38.6332 1.73483
49.7773 28.5025
35.1548 30.4757
31.026 49.6865
22.1919 51.122
57.3798 44.8009
49.2581 39.3773
26.9099 21.712
13.604 35.1437
29.584 24.0687
32.409 33.089
56.3364 51.2419
22.4357 39.683
2.66592 43.4367
20.8843 37.296
43.6926 15.2446
42.0909 33.743
21.044 24.9289
56.7078 56.8695
42.2205 40.4701
25.6919 48.037
29.8655 28.5751
30.2293 22.9429
40.1492 32.8474
31.9481 36.2766
55.9361 56.204
33.7014 17.1675
15.4684 40.1424
33.3591 33.2897
58.0484 32.4495
52.0384 26.6372
24.6693 49.4132
27.7942 63.5483
32.2016 11.8734
30.9689 28.0518
49.9055 55.3879
37.1888 53.9995
32.6859 31.0994
10.5209 33.1727
8.90859 25.1297
40.3634 19.6536
27.0683 35.9168
18.5847 21.3522
46.2911 25.2269
32.5279 20.0053
29.7677 64.7959
33.0487 41.1676
44.089 7.32568
62.836 25.1596
19.2761 51.5742
53.3664 23.3062
33.8535 33.6094
24.6 3.8371
14.0066 37.7813
48.4945 22.3436
1.54323 43.2651
57.0451 21.8895
56.6333 20.4639
12.654 26.198
33.5267 28.7724
7.35619 37.4636
22.896 35.094
41.2609 28.0887
22.7092 50.568
36.4737 20.4556
4.0824 41.8199
44.9056 21.0382
29.9711 46.1718
26.7935 34.4103
17.8088 32.9003
34.9437 33.5117
26.5528 13.3505
23.1862 16.1978
27.0271 47.807
50.5681 47.9964
53.5295 52.7358
13.6962 20.7662
32.8333 35.1377
31.8587 37.2843
30.0389 45.2218
53.9427 33.0313
33.101 3.40472
45.8334 24.8265
37.9258 50.1883
51.1158 9.59677
33.4775 32.7013
47.4809 42.8461
50.4711 8.51801
54.1596 27.7475
26.1042 36.9217
22.6907 12.8971
20.0078 47.6007
42.7899 36.5406
14.6802 24.2922
38.5966 24.0773
13.5614 17.2875
65.3863 29.3946
36.7158 40.8138
7.25255 25.6765
25.7235 16.8726
33.1097 22.1495
61.0414 28.2983
49.2277 28.2084
65.8371 30.6749
39.3761 46.1756
37.6397 9.91056
18.5401 32.6229
7.67485 33.4386
17.2689 21.1449
10.3324 44.9897
7.18302 35.4226
33.5584 33.5501
44.4502 52.4816
31.555 35.2337
36.083 25.83
33.4292 36.0011
32.584 24.9302
12.8947 34.1331
53.2379 7.8607
29.413 13.4063
18.6839 44.0855
52.6431 60.8884
17.9962 26.4252
40.584 21.6205
32.6212 29.2156
11.3157 13.8629
13.4846 34.2691
29.6225 53.231
30.4496 47.6623
60.9834 30.0313
44.7737 36.5693
20.0246 43.7552
56.0239 37.5986
47.0301 13.8933
43.5665 45.5986
44.5595 39.3384
49.0184 31.4886
35.6952 44.6526
30.716 32.5975
47.0807 29.7141
47.4176 51.3485
33.7394 38.3224
47.6208 31.9233
52.8863 52.6966
33.9709 21.3283
33.3363 33.4647
20.1443 38.2201
36.9624 64.6085
28.1648 0.699449
13.5785 12.4448
35.6389 37.3713
32.6828 33.6768
8.78735 46.1482
32.9514 44.8785
16.9789 48.7156
23.5117 11.9336
47.4876 49.2081
37.2647 36.2042
28.0455 50.5656
35.154 54.6982
35.8474 26.0516
39.0965 7.51471
29.1844 26.2634
1.84021 42.1592
35.5751 37.8481
34.721 36.4922
34.3218 32.5196
25.2381 15.8794
36.3178 27.7366
28.636 37.6691
10.0573 41.5224
41.5877 21.9215
35.1732 38.0046
7.5404 50.0426
26.1678 23.4685
32.816 20.2223
26.8309 38.8166
55.3227 45.4111
48.2768 24.7248
60.9873 38.045
25.4277 22.9037
42.2248 15.2223
33.7769 35.1078
38.7054 47.8401
11.0803 47.1821
48.6263 21.6022
26.3318 6.33982
50.5168 53.861
27.2547 41.3191
23.7212 54.409
18.728 62.5151
35.5473 52.318
45.5701 43.7244
33.8615 35.2881
35.2857 31.2244
44.4582 14.9078
33.6305 41.2408
19.785 39.2508
33.5331 22.9002
37.1928 19.517
13.5222 55.4737
13.4385 53.183
32.2849 30.7841
33.1718 35.8324
33.4921 33.1502
41.1827 60.943
32.6911 36.4981
43.0392 16.4649
28.2261 36.4814
25.5282 51.1823
5.56674 47.0729
49.3862 54.7212
44.6482 38.1584
32.6296 33.2746
46.7254 29.0467
23.5755 47.0011
54.4354 53.4277
42.1925 41.8358
52.6272 60.1571
55.9345 47.9573
45.5225 59.5593
35.7312 24.8024
22.1645 14.9196
42.4901 33.7423
25.327 34.578
51.04 49.4551
18.5475 37.4523
36.3875 32.2589
24.3121 36.1819
53.9201 16.7696
12.3168 31.3504
52.3597 31.8694
27.1113 31.7511
26.1482 11.4087
36.6741 23.9591
49.372 9.53404
51.2988 38.1213
37.6927 16.7189
30.6915 32.3643
52.4864 47.1599
12.6932 8.95702
54.0038 28.7384
48.355 58.1736
4.63822 24.6019
36.8209 56.1507
65.1623 32.3643
29.118 50.7859
8.48823 19.5132
44.1733 35.7095
26.0638 19.7984
17.5129 40.6007
24.6152 18.9786
14.8203 50.7873
31.8308 34.4944
45.4373 25.4507
27.9006 28.3452
36.2554 27.1548
27.9326 16.1153
10.6095 53.9629
42.5051 21.4893
32.7711 32.4692
10.5276 28.2727
43.4406 15.8599
34.3652 24.6593
21.9951 63.0535
21.516 22.3584
57.1224 21.5915
34.4583 58.3109
16.7251 32.7594
28.6945 36.5125
55.223 20.6656
49.2955 49.4478
56.1079 9.52053
29.527 8.63705
22.6814 2.73716
6.46889 52.4577
7.99092 39.8858
4.54535 24.1802
47.0205 5.19954
55.9947 23.4336
51.6505 47.605
42.2135 34.4135
54.0539 7.95605
21.2598 41.907
17.8594 53.553
5.76389 35.4209
28.6103 58.8931
31.9893 27.4664
34.1688 31.5036
10.8529 44.4025
14.4007 38.1302
46.528 35.9396
31.8874 32.3894
50.2605 12.6461
16.7969 27.6801
39.5235 20.8788
13.5449 7.48025
29.2308 42.2868
19.8184 63.2807
32.0443 14.8915
41.8038 7.75853
31.4262 32.3227
30.672 28.9761
32.3478 54.2798
6.02096 19.3606
39.2597 48.6632
34.9203 34.7012
14.7651 8.05282
30.6964 35.7108
25.8139 24.7566
30.8896 15.9818
33.3618 33.5964
1.96383 38.1727
31.5894 32.3491
28.3928 33.814
20.4272 23.0912
43.8379 46.349
34.0554 31.7122
39.6042 17.2269
33.4957 33.5445
54.3457 32.7111
58.5004 22.2656
33.9369 41.1001
32.4594 44.7682
35.4818 23.999
34.5689 34.4779
52.5636 34.3911
38.1728 58.397
47.5507 11.4647
3.26075 27.5518
39.3442 59.0462
35.8439 33.5375
38.7307 35.304
14.8818 58.2795
55.7636 56.3279
20.7663 40.7788
8.02905 47.0528
55.7071 30.8872
30.3482 46.0198
35.3383 21.6798
47.5329 44.0477
19.7701 37.9316
40.3057 36.5875
44.7414 28.1306
20.5469 17.2686
1.54554 39.9561
31.3589 38.2206
20.9498 34.8713
29.4581 13.0601
54.0452 47.2644
51.986 41.5593
43.1438 56.8818
47.5898 38.1332
30.4457 33.4816
23.7597 53.6811
39.9688 26.7257
47.6552 21.2329
42.1916 23.4825
12.6304 49.6807
39.403 28.2226
41.2885 25.0931
39.9012 46.4613
37.6707 41.1186
17.984 45.7953
35.072 36.2912
20.7922 42.2567
31.2095 16.7508
28.5052 32.6592
41.3046 49.8771
22.0768 49.6913
33.5222 33.5297
39.7568 31.035
28.014 22.178
25.4626 34.696
32.1474 13.2516
25.5039 36.1062
33.7411 12.2228
33.3083 36.137
32.6565 35.2236
53.1609 45.3762
38.5406 48.922
26.4242 18.3457
57.2207 15.7114
47.0181 63.2308
23.5733 25.3225
33.5678 33.6514
36.0346 33.1431
32.2865 25.9306
33.6749 50.7699
40.9095 43.0973
34.7817 33.7508
23.5776 23.01
28.4512 32.7242
33.3695 16.9755
21.5018 59.2302
58.3968 39.965
66.1232 32.216
42.6392 38.2074
9.35637 22.9894
14.4434 51.594
33.6645 33.304
40.2182 60.4366
38.78 36.9327
42.8748 60.4714
29.2441 6.68653
34.0575 63.7888
27.3775 48.3155
18.6821 58.6676
22.3252 44.9713
40.3828 45.3736
34.4701 34.8634
33.2022 32.466
24.422 28.1912
26.8157 44.2056
46.3288 29.3445
37.0247 49.4134
15.0084 34.1436
17.8244 38.8153
11.7207 39.5238
22.8711 20.2208
25.4609 13.3478
41.579 37.8725
49.1669 31.9807
37.0771 17.7637
58.3789 36.6463
10.7384 41.7654
35.1997 22.9642
32.1998 35.6372
40.1266 23.177
35.5042 32.1534
22.6206 22.9638
44.4264 48.785
21.3835 24.7781
34.5718 35.0832
34.5946 26.4999
35.2754 46.0503
53.8522 16.5489
35.1716 30.5329
23.167 22.1548
30.99 3.25543
