250 250
10.7193 66.5551
2.65437 40.0812
36.3776 3.8344
42.3642 28.414
56.5006 60.7965
28.3856 43.974
62.4152 23.1021
17.0801 29.8294
53.0075 46.6502
37.4103 19.2814
9.78163 38.8582
37.8711 9.82203
10.0734 1.33721
37.1908 46.1076
26.0381 62.305
12.0609 12.7394
31.9424 17.2461
65.7677 66.1074
10.7025 44.9493
51.5037 56.227
11.5755 8.72268
21.2469 59.2241
26.8197 28.0319
34.6103 33.2086
7.74384 50.8398
9.6528 14.3603
13.095 39.9754
56.5478 57.9518
35.5205 36.2432
35.7591 7.78228
63.7464 53.5017
18.672 37.1035
20.2218 0.183741
4.68652 13.2955
3.17249 27.7409
59.8596 27.3907
51.8563 46.4993
5.03895 0.378332
18.4177 45.1829
60.602 22.165
15.2027 53.8927
40.3132 50.1783
44.6272 10.3661
40.5838 32.578
3.28896 45.9301
47.7897 49.4819
37.8519 22.4766
66.882 56.3329
57.1019 44.4162
52.688 54.0001
27.172 53.7599
41.9928 6.48163
55.7607 38.2422
40.2318 30.4339
49.7038 25.1192
6.81784 39.5937
65.0602 6.91639
18.515 43.2959
29.8242 38.5676
46.0773 48.1297
64.4225 52.0064
34.0002 63.8695
6.92834 55.4854
32.6804 18.4203
41.8518 22.8906
52.7285 4.71121
33.5313 3.79605
27.1218 44.8566
40.0028 32.6846
20.5312 46.0868
2.43778 37.5973
57.7217 7.04916
25.3812 28.1473
64.8443 30.2296
26.4039 30.4619
41.848 55.7197
17.1045 0.25211
30.3543 39.9831
65.7547 8.42237
22.2123 7.19292
32.9693 22.0689
12.3564 43.5088
22.2069 47.0779
13.289 65.9654
6.33101 22.4001
63.7228 8.44872
32.7486 50.4161
38.481 29.802
0.620539 43.6217
49.0633 66.6068
39.4876 63.2682
36.3667 22.2122
61.1052 18.7907
43.418 49.6524
12.124 45.6331
54.5923 9.90668
41.5622 14.8867
5.17405 46.715
46.0461 33.7118
52.058 37.0542
30.9455 55.1868
13.7899 29.7853
38.5879 40.8415
30.4426 60.9128
27.1471 49.5139
62.9636 18.0532
15.285 17.4588
56.5156 54.3957
60.9407 64.107
45.9862 23.9157
44.6228 61.994
0.639737 2.29978
62.0408 47.19
39.9786 31.2589
37.3626 60.2198
66.8855 30.3911
52.4672 62.1685
53.0759 61.5808
44.2804 37.1504
9.53724 50.2794
52.954 31.9535
21.5154 31.9944
18.9024 60.5169
40.3607 22.8196
26.8202 52.6654
61.1997 30.616
33.792 58.188
26.2511 19.7114
13.6065 32.1731
31.4906 33.9756
2.80595 66.8587
42.7313 46.754
40.3985 44.5649
31.3655 21.3436
44.6712 7.51507
55.4248 8.16901
47.2021 39.6475
3.49302 21.2248
8.20782 21.2801
24.389 19.8804
40.8162 66.8154
60.279 50.1557
30.1361 60.4979
34.43 14.0209
59.4037 57.0716
1.68419 49.5049
33.5205 6.28404
60.4244 56.6622
42.8341 64.1575
16.3383 28.9858
46.6434 45.1451
39.0294 24.9521
19.4462 3.34831
42.0129 38.4086
21.4588 55.5497
51.5115 40.8322
64.2282 65.6997
15.8711 12.3761
54.8793 36.6445
36.8213 45.6295
22.7994 49.9075
55.9913 65.0708
33.1366 63.5835
64.8459 66.137
27.8339 12.1513
47.9666 52.1451
30.058 34.1937
51.7327 33.5833
40.9119 40.4915
51.7576 28.6483
52.8502 32.7802
0.0392714 5.15237
43.7153 11.1914
5.21897 26.0052
16.2385 53.7113
4.92525 17.2554
17.3276 49.1298
41.3097 33.235
64.7285 57.2971
41.107 48.1526
36.4373 26.9512
66.7164 10.2609
34.1922 38.1243
27.6914 56.009
8.84428 48.0744
59.3699 41.2781
40.1393 33.1536
40.1522 18.8678
28.9114 19.0715
55.3318 65.7239
23.2674 2.8115
33.8834 26.632
45.6923 1.90631
47.6651 56.7349
31.3621 9.36498
24.9011 5.1711
31.2257 65.6745
22.6369 14.726
5.95676 36.9825
28.1401 64.1411
45.1515 9.70309
9.57092 16.3279
28.3448 65.8607
54.4491 8.33266
24.4406 50.6872
0.436914 37.3492
28.3807 29.9535
62.5106 15.5995
66.5574 48.5792
58.0879 42.221
8.73435 11.4207
1.73771 31.8657
55.5584 28.5117
22.7055 17.3253
44.9252 25.6222
47.6431 45.6719
41.9506 9.00484
9.15602 6.62852
35.7792 20.1041
42.4371 15.9581
15.6731 53.5009
53.2253 52.5568
16.9639 44.5525
65.7028 30.707
9.52643 12.0599
6.35673 12.7095
2.57133 57.2792
39.0318 45.6197
12.8689 55.0754
12.8219 26.0718
49.606 30.0432
28.2674 56.7781
9.50527 13.0278
61.5901 27.5033
24.9655 43.5652
26.6769 49.731
17.0714 26.4275
49.612 5.32715
34.3435 61.3258
55.6268 1.73656
26.7566 43.3549
40.5454 55.0376
3.1689 15.1753
30.4062 13.0702
52.5571 27.7139
38.476 59.9343
56.2807 47.5455
52.9557 9.34004
20.0017 24.0276
46.126 21.4663
65.0822 21.8163
37.7677 15.6341
31.5214 7.50017
3.55256 14.8335
5.80017 57.2032
43.1918 55.9699
15.4006 16.6464
29.7879 29.3406
21.2816 50.3035
28.9834 53.0312
59.3901 24.6691
56.211 25.2795
6.05914 45.747
4.64185 18.4761
0.787645 48.9816
56.8952 13.8669
6.15364 19.7586
39.08 55.731
12.1481 28.146
38.7515 21.3224
62.1505 28.7308
52.9025 9.91311
24.0574 4.20631
1.89905 36.5772
27.8588 63.5745
33.4954 23.5748
57.6908 8.12149
23.971 8.16056
65.5041 10.1287
53.2652 6.10674
57.289 12.1631
18.0178 52.9334
43.6432 44.4563
17.9026 0.240069
16.5584 32.2002
47.3064 7.8792
30.9905 30.8167
6.24369 62.5638
19.1986 30.5655
52.7859 59.7303
42.6739 34.6391
37.7855 66.1362
13.3483 36.4397
46.6688 46.8697
20.1623 53.6855
57.5137 56.5357
36.6779 2.69505
34.6538 52.8948
6.16589 37.7221
46.6649 6.65426
64.4672 42.8023
42.0375 64.6208
57.488 10.9898
60.5072 36.7434
45.6927 15.2324
63.2862 66.6849
35.6061 19.451
57.4255 38.9906
21.7024 2.14804
31.2902 44.9916
35.028 29.1115
34.1604 44.4408
50.9078 25.5932
3.9159 28.1116
28.7732 60.7058
15.3377 41.4884
13.8783 54.6025
36.6119 46.9871
61.4136 25.7731
30.0398 57.1394
2.63937 43.6605
47.2175 35.9437
40.5277 55.7609
17.8397 51.2995
63.3812 20.7519
32.8421 41.5389
52.8724 62.0746
49.5738 16.3753
33.6681 34.0369
11.3699 27.6689
50.4335 61.3609
44.7764 8.43662
65.9166 58.3638
50.4508 48.6054
65.3241 46.6929
66.0527 27.0296
52.6522 30.9423
60.9385 36.875
62.7674 55.0513
49.2475 62.5662
45.8585 7.0498
17.4325 1.07048
65.5857 57.5268
29.72 27.1565
50.8484 23.8668
55.6813 32.8196
51.6542 18.8214
12.5394 47.6413
4.26388 53.5025
50.308 28.7741
39.3656 31.0286
26.4132 1.9499
4.03021 40.0359
53.5215 57.5165
35.4805 37.1358
28.0087 55.0239
65.6965 43.3241
19.5003 21.6592
65.506 21.3861
37.4189 49.4565
54.1483 53.6227
4.88128 39.1213
10.7832 44.3209
41.5461 17.3841
61.9173 38.6208
32.3348 12.9105
3.60457 7.46645
63.3145 43.533
7.15536 26.5839
23.3988 42.609
35.5166 48.7115
0.375157 30.3434
63.8301 31.9861
4.57359 39.3946
10.3109 32.9755
33.5363 40.7243
32.8676 9.54107
3.79964 53.2389
34.8087 54.1106
0.0908433 32.7208
41.6425 66.6564
54.7762 62.5519
15.1389 16.2119
22.5583 17.7959
19.4749 52.4538
2.7816 7.89105
38.0832 0.476787
50.5676 14.8036
52.2928 56.3488
61.7338 35.6258
52.3142 14.382
4.6057 67.0657
10.9619 3.49636
61.9729 23.6699
63.6581 8.51911
29.3652 28.0376
57.7383 28.3409
44.6488 65.8099
25.7615 19.4448
23.9933 51.9171
34.995 6.87656
28.9078 30.2458
14.838 4.51771
24.8774 62.2776
41.6481 43.1172
65.2645 31.4284
10.3267 21.4289
25.3226 32.4172
41.7679 48.2107
49.3459 6.2972
40.2248 4.37809
50.4779 12.6034
29.5606 3.37296
6.19181 33.7461
44.7794 21.5975
18.7365 58.3845
37.454 59.4254
26.5334 57.8949
52.8297 26.523
15.8301 59.2154
22.9251 58.2353
28.8018 11.8867
17.2597 11.4431
39.6075 26.4177
6.29513 11.3473
30.8867 27.1387
33.9027 48.8384
10.2248 35.3919
36.1741 12.034
39.6112 23.3611
0.0438191 39.3203
13.4038 62.9905
25.2718 45.4782
16.3212 32.0248
40.6744 49.5793
16.8732 30.2425
42.6383 50.4117
5.21268 17.7251
3.80189 21.9376
45.8263 5.79504
32.3462 13.4152
33.5588 45.6351
59.2832 60.1916
65.2109 12.2211
25.838 40.9025
0.227183 14.2267
5.0502 65.3926
15.4262 48.5673
34.4589 16.6875
24.1344 9.75774
2.51665 1.78799
28.9946 42.2219
10.31 35.2398
33.1328 50.201
56.7408 21.4495
51.3451 2.70025
65.2182 66.6481
20.4503 5.05966
52.7725 37.9333
52.5596 25.4559
0.534476 55.4409
55.4242 14.1725
12.4821 6.13396
57.0041 13.2085
54.3922 48.6176
60.5043 16.5882
32.0172 20.9901
58.3826 22.4722
32.0278 25.0546
27.3364 11.1734
3.23226 10.2319
2.25426 47.0518
21.145 39.2055
25.2162 22.7774
26.9176 63.6967
32.5003 14.4638
37.0849 33.194
33.1559 30.0843
45.2513 30.6839
34.1336 43.101
43.4996 46.2478
18.2615 5.27698
31.4072 66.0194
32.3375 52.6655
50.0625 1.32792
48.4809 29.8453
21.4121 51.9723
4.97714 22.8474
24.5586 56.3551
4.80819 60.5131
30.4062 41.7559
37.463 10.1499
29.9729 40.2089
3.70992 10.4802
14.2391 51.8973
25.2578 15.2996
52.9633 59.6442
6.84329 55.6147
30.8068 42.4225
60.7857 49.4144
