25 25
10.9583 10.5892
10.5353 10.5565
11.7253 11.0266
9.37246 11.2495
12.15 9.57603
10.0851 9.83372
9.4608 12.3067
10.0791 10.7977
10.0211 8.96685
10.3203 11.8016
10.3243 10.4531
11.3602 11.5963
10.9349 10.6479
10.1379 9.47848
11.3777 10.2366
10.7527 10.9749
10.5599 11.6548
12.7579 10.4097
10.4374 10.2985
11.4967 9.16796
10.8668 10.8838
11.1239 10.1381
9.84036 11.0413
9.47031 10.642
10.6192 10.3526
12.5585 19.1056
3.32951 5.59952
17.3384 2.8631
1.34159 8.21023
17.7506 16.986
13.6967 0.574697
2.08744 7.6535
19.6726 10.7626
13.3429 18.7144
3.32407 15.0043
1.9107 16.2551
7.07408 1.13759
19.1699 10.9102
6.44392 2.61796
5.57557 19.7016
13.5371 2.20023
10.4852 0.880032
16.178 18.7526
0.909967 11.4836
7.21094 2.80213
9.83243 0.663789
5.69295 18.9078
16.2729 1.64818
5.21494 1.85541
14.0384 1.07159
