25 25
3.38973 21.0466
0.839386 12.6748
11.5036 1.21254
13.3967 8.98529
17.867 19.2256
8.97633 13.9058
19.7374 7.30552
5.4012 9.43289
16.7624 14.7521
11.8302 6.09732
3.09322 12.288
11.9759 3.106
3.18549 0.422862
11.7608 14.5805
8.23397 19.7026
3.814 4.02855
10.1011 5.45369
20.7976 20.905
3.38442 14.2142
16.2869 17.7805
3.6605 2.75835
6.71885 18.7283
8.48112 8.86446
10.9447 10.5015
2.44882 16.077
3.05248 4.54113
4.14099 12.6413
17.882 18.326
11.2326 11.4611
11.308 2.46097
20.1584 16.9187
5.9046 11.7332
6.39468 0.058104
1.48201 4.20441
1.00323 8.77245
18.9293 8.66171
16.3984 14.7044
1.59346 0.119639
5.82419 14.2881
19.164 7.00919
4.8075 17.0424
12.7482 15.8678
14.1124 3.27803
12.8337 10.3021
1.04006 14.5244
15.1124 15.6476
11.9698 7.10772
21.1499 17.814
18.0572 14.0456
16.6614 17.0763
