25 25
12.2994 10.523
10.2632 10.3653
15.9914 12.6282
4.66586 13.7011
18.0362 5.6458
8.09616 6.88621
5.09112 18.7902
8.06756 11.5266
7.7884 2.7134
9.22826 16.3589
9.24787 9.86779
14.2344 15.3705
12.1869 10.8056
8.35055 5.17621
14.3183 8.82538
11.3096 12.3793
10.3817 15.6521
20.9621 9.6586
9.79198 9.12337
14.8913 3.6815
11.8592 11.941
13.0965 8.35131
6.91818 12.6989
5.13689 10.777
10.6672 9.38369
10.9482 12.0941
8.90088 9.43296
16.4727 3.85897
5.16925 9.20025
14.8239 14.3725
13.5737 0.974028
7.81714 9.63966
13.8035 10.6616
10.8436 11.3087
10.1772 10.8659
2.66942 15.7622
7.74073 2.92457
11.4028 10.6348
9.26091 8.02408
5.96848 18.9913
11.3979 8.33681
10.5271 4.23301
14.5901 16.4308
4.21583 11.1846
10.3991 10.1298
10.02 3.07318
7.55805 15.7569
16.2595 1.66936
5.87071 2.9198
13.4278 2.76814
