500 500
47.9583 47.4083
47.3279 47.3595
49.1014 48.0601
45.5948 48.3923
49.7344 45.8982
46.6569 46.2823
45.7265 49.9679
46.648 47.719
46.5616 44.9903
47.0074 49.2151
47.0135 47.2054
48.5574 48.9091
47.9234 47.4958
46.7357 45.7529
48.5834 46.8827
47.6518 47.983
47.3645 48.9963
50.6403 47.1407
47.1819 46.9749
48.7608 45.2901
47.822 47.8473
48.2051 46.7359
46.2922 48.082
45.7407 47.4869
47.4529 47.0555
47.5399 47.8947
46.9061 47.0708
49.2504 45.345
45.7507 46.9987
48.7399 48.6001
48.3528 44.4518
46.5705 47.1348
48.424 47.4512
47.5075 47.6515
47.3012 47.5144
44.9767 49.0304
46.5469 45.0557
47.6807 47.4429
47.0175 46.6346
45.9981 50.0302
47.6791 46.7314
47.4095 45.4608
48.6675 49.2374
45.4555 47.6131
47.3699 47.2865
47.2526 45.1017
46.4903 49.0288
49.1844 44.6671
45.9679 45.0542
48.3076 45.0073
47.8564 46.1728
49.1225 48.6069
44.9648 46.2707
45.5475 47.9993
45.7195 49.1606
47.1526 47.2549
49.9739 49.3561
46.8805 46.7165
46.133 46.7719
46.9764 45.2254
47.9327 44.3201
49.0238 46.9409
47.5922 47.134
47.1879 49.0149
46.323 49.1555
49.7682 48.5366
48.973 48.0056
46.7849 46.276
45.4822 47.5911
47.0467 46.5067
47.3233 47.3899
49.666 49.1672
46.3469 48.0355
44.4113 48.403
46.195 47.8018
48.4281 45.6428
48.2713 47.4539
46.2106 46.591
49.7024 49.7182
48.284 48.1126
46.6657 48.8534
47.0743 46.948
47.1099 46.3965
48.0812 47.3662
47.2782 47.702
49.6268 49.653
47.4499 45.8311
45.6647 48.0805
47.4164 47.4096
49.8336 47.3273
49.2452 46.7582
46.5656 48.9882
46.8715 50.3721
47.303 45.3127
47.1823 46.8967
49.0364 49.5731
47.7913 49.4372
47.3504 47.1951
45.1803 47.3981
45.0225 46.6106
48.1021 46.0745
46.8004 47.6668
45.9698 46.2408
48.6825 46.6202
47.335 46.1089
47.0647 50.4943
47.386 48.1809
48.4669 44.8675
50.3024 46.6136
46.0375 49.1998
49.3752 46.4321
47.4648 47.4409
46.5588 44.5259
45.5216 47.8493
48.8982 46.3378
44.3013 48.3862
49.7354 46.2934
49.6951 46.1538
45.3892 46.7152
47.4328 46.9673
44.8705 47.8182
46.3919 47.5862
48.19 46.9003
46.3736 49.1012
47.7213 46.153
44.5499 48.2447
48.5468 46.21
47.0846 48.6708
46.7735 47.5193
45.8939 47.3714
47.5715 47.4313
46.75 45.4574
46.4203 45.7361
46.7964 48.8309
49.1012 48.8495
49.3912 49.3135
45.4912 46.1834
47.3649 47.5905
47.2695 47.8007
47.0913 48.5778
49.4317 47.3843
47.3911 44.4836
48.6377 46.5809
47.8635 49.0641
49.1549 45.0898
47.4279 47.352
48.799 48.3452
49.0917 44.9842
49.4529 46.8669
46.706 47.7652
46.3718 45.413
46.1092 48.8107
48.3397 47.7278
45.5875 46.5286
47.9291 46.5076
45.478 45.8428
50.5521 47.0282
47.745 48.1462
44.8603 46.6642
46.6688 45.8022
47.3919 46.3188
50.1267 46.9209
48.97 46.9121
50.5962 47.1535
48.0055 48.6712
47.8355 45.1206
45.9655 47.3443
44.9017 47.4241
45.841 46.2205
45.1619 48.5551
44.8535 47.6184
47.4359 47.4351
48.5023 49.2886
47.2397 47.5999
47.683 46.6792
47.4232 47.675
47.3405 46.5911
45.4127 47.4921
49.3626 44.9199
47.03 45.4628
45.9795 48.4666
49.3044 50.1117
45.9122 46.7375
48.1237 46.2671
47.3441 47.0107
45.2581 45.5075
45.4705 47.5055
47.0505 49.362
47.1315 48.8167
50.121 47.0905
48.5339 47.7307
46.1108 48.4342
49.6354 47.8314
48.7549 45.5105
48.4157 48.6147
48.513 48.0018
48.9495 47.2332
47.6451 48.5221
47.1576 47.3418
48.7598 47.0595
48.7928 49.1777
47.4536 47.9023
48.8127 47.2758
49.3282 49.3096
47.4763 46.2384
47.4141 47.4267
46.1225 47.8923
47.7691 50.4759
46.9078 44.2187
45.4797 45.3687
47.6396 47.8092
47.3501 47.4475
45.0106 48.6685
47.3764 48.5442
45.8126 48.9199
46.4522 45.3186
48.7996 48.9681
47.7987 47.6949
46.8961 49.101
47.5921 49.5056
47.66 46.7009
47.9781 44.886
47.0076 46.7216
44.3304 48.278
47.6333 47.8559
47.5497 47.7231
47.5106 47.3342
46.6212 45.705
47.706 46.8659
46.9539 47.8383
45.1349 48.2156
48.222 46.2965
47.594 47.8712
44.8885 49.0498
46.7123 46.448
47.3632 46.1302
46.7772 47.9507
49.5668 48.5963
48.8769 46.571
50.1214 47.8751
46.6398 46.3927
48.2844 45.6406
47.4573 47.5876
47.9398 48.8342
45.2351 48.7697
48.9111 46.2653
46.7283 44.771
49.0962 49.4236
46.8187 48.1957
46.4727 49.4773
45.9839 50.271
47.6306 49.2726
48.6119 48.4312
47.4655 47.6052
47.605 47.2074
48.503 45.6098
47.4429 48.188
46.0873 47.9932
47.4334 46.3923
47.7917 46.0611
45.4742 49.5815
45.466 49.3573
47.3112 47.1642
47.398 47.6585
47.4294 47.3959
48.1823 50.117
47.3509 47.7237
48.3641 45.7623
46.9138 47.7221
46.6496 49.1614
44.6953 48.759
48.9855 49.5079
48.5216 47.8862
47.3449 47.4081
48.725 46.9941
46.4585 48.752
49.4799 49.3812
48.2812 48.2463
49.3028 50.0401
49.6267 48.8456
48.6072 49.9816
47.6486 46.5786
46.3203 45.611
48.3103 47.4539
46.63 47.5357
49.1475 48.9923
45.9662 47.8171
47.7129 47.3086
46.5306 47.6927
49.4294 45.7921
45.3562 47.2197
49.2767 47.2705
46.8046 47.2589
46.7104 45.2672
47.7409 46.496
48.9841 45.0837
49.1728 47.8826
47.8406 45.7871
47.1552 47.319
49.2891 48.7676
45.393 45.0272
49.4376 46.9639
48.8846 49.8459
44.6044 46.559
47.7553 49.6478
50.5301 47.319
47.0011 49.1226
44.9813 46.0607
48.4752 47.6465
46.7021 46.0887
45.8649 48.1254
46.5603 46.0084
45.6013 49.1227
47.2667 47.5275
48.5989 46.6421
46.8819 46.9255
47.6999 46.8089
46.8851 45.7281
45.189 49.4336
48.3118 46.2542
47.3588 47.3292
45.181 46.9184
48.4034 45.703
47.5149 46.5646
46.3037 50.3237
46.2568 46.3393
49.743 46.2642
47.524 49.8593
45.7878 47.3576
46.9597 47.7251
49.557 46.1736
48.9767 48.9916
49.6436 45.0824
47.0412 44.9959
46.3709 44.4182
44.7836 49.2863
44.9326 48.0554
44.5953 46.5177
48.7539 44.6593
49.6326 46.4446
49.2072 48.8111
48.2833 47.5196
49.4425 44.9292
46.2317 48.2533
45.8988 49.3935
44.7146 47.6182
46.9514 49.9163
47.2822 46.8394
47.4956 47.2347
45.2128 48.4976
45.5602 47.8835
48.7057 47.669
47.2723 47.3214
49.0711 45.3884
45.7948 46.8603
48.0199 46.1944
45.4764 44.8826
47.0122 48.2904
46.0906 50.3459
47.2876 45.6082
48.2432 44.9099
47.2271 47.3149
47.1533 46.9872
47.3173 49.4646
44.7397 46.0458
47.9941 48.9147
47.5692 47.5478
45.5959 44.9387
47.1557 47.6466
46.6776 46.5741
47.1746 45.715
47.4166 47.4396
44.3425 47.8876
47.2431 47.3175
46.9301 47.4609
46.1502 46.411
48.4423 48.6882
47.4845 47.2551
48.0278 45.8369
47.4297 47.4345
49.4711 47.3529
49.8779 46.3302
47.4729 48.1743
47.3283 48.5334
47.6242 46.4999
47.5348 47.5259
49.2966 47.5174
47.8877 49.8678
48.8058 45.2727
44.4695 46.8478
48.0023 49.9313
47.6596 47.4338
47.9423 47.6068
45.6073 49.8563
49.6099 49.6652
46.1834 48.1428
44.9363 48.7571
49.6044 47.1743
47.1216 48.6559
47.6101 46.2729
48.8041 48.4629
46.0859 47.864
48.0965 47.7324
48.5308 46.9044
46.1619 45.841
44.3016 48.0623
47.2205 47.8923
46.2014 47.5644
47.0344 45.4289
49.4417 48.7778
49.2401 48.2192
48.3744 49.7194
48.8097 47.8838
47.1311 47.4283
46.4765 49.406
48.0635 46.7669
48.816 46.2291
48.2811 46.4494
45.3869 49.0144
48.0081 46.9135
48.1927 46.6071
48.0569 48.6992
47.8385 48.1761
45.911 48.634
47.5841 47.7034
46.186 48.2875
47.2059 45.7903
46.9411 47.3478
48.1943 49.0336
46.3117 49.0154
47.4323 47.4331
48.0427 47.1888
46.893 46.3216
46.6432 47.5473
47.2977 45.4477
46.6473 47.6853
47.4538 45.3469
47.4114 47.6883
47.3476 47.5989
49.3551 48.5929
47.9237 48.9401
46.7374 45.9464
49.7526 45.6885
48.7537 50.341
46.4582 46.6295
47.4368 47.445
47.6783 47.3952
47.3113 46.689
47.4473 49.121
48.1556 48.3698
47.5556 47.4547
46.4587 46.4031
46.9358 47.3542
47.4174 45.8123
46.2554 49.9493
49.8677 48.0631
50.6242 47.3044
48.325 47.891
45.0663 46.4011
45.5644 49.2017
47.4463 47.411
48.0879 50.0675
47.9471 47.7662
48.348 50.0709
47.0135 44.8049
47.4847 50.3957
46.8307 48.8807
45.9794 49.8943
46.3361 48.5533
48.104 48.5927
47.5251 47.5636
47.401 47.3289
46.5413 46.9104
46.7757 48.4783
48.6862 47.0233
47.7752 48.9882
45.6197 47.4932
45.8954 47.9506
45.2978 48.0199
46.3895 46.13
46.6431 45.4571
48.2211 47.8583
48.9641 47.2814
47.7804 45.8894
49.866 47.7382
45.2016 48.2394
47.5966 46.3986
47.3029 47.6394
48.0789 46.4194
47.6264 47.2983
46.365 46.3986
48.4999 48.9267
46.2439 46.5762
47.5351 47.5852
47.5373 46.7448
47.604 48.6589
49.4228 45.7705
47.5938 47.1396
46.4185 46.3194
47.1844 44.469
21.4792 8.26424
89.0171 30.4084
76.2369 10.079
5.61379 26.6894
1.06889 44.4252
57.0063 1.81778
19.1479 13.2253
37.2356 93.2726
9.07363 75.181
20.9364 11.8155
43.6682 92.6522
18.6782 82.7287
3.41879 54.0014
18.9179 82.0737
4.41638 64.3628
80.3517 14.1372
19.2344 11.8098
71.8583 86.7785
42.7605 92.6509
66.2477 88.9731
14.916 13.7854
11.9729 78.7321
26.1714 6.6987
86.9857 24.4981
14.7289 15.0569
19.4923 11.0852
90.7689 36.8928
5.81864 68.2497
93.1263 38.5801
39.1767 1.09072
12.3696 16.3995
14.4362 76.7951
72.1695 7.03766
78.265 13.8715
70.2355 6.16787
5.22501 66.1864
75.7533 11.4157
84.6559 22.6475
84.5211 20.6111
87.1041 27.201
31.0234 88.5224
9.59267 72.6255
92.2671 40.8625
7.46914 72.2758
41.4917 0.632334
40.35 91.8924
56.6496 2.43195
61.2097 92.1527
91.3745 40.5763
58.4284 92.6687
92.4342 53.4425
1.74695 55.2018
2.00595 39.2348
71.254 9.76851
91.2586 56.9427
34.2209 2.37184
91.5847 59.3134
29.5344 4.2653
18.7816 83.6136
40.4427 93.7955
75.4838 85.4741
68.3169 89.1519
19.7863 83.4387
94.2044 48.8396
7.11379 24.3429
2.62177 60.4016
31.9495 91.9251
4.65401 30.8044
44.232 1.33857
74.6234 84.1316
39.3134 91.5078
72.5629 86.5523
91.8096 49.5262
88.4726 31.1282
85.6319 21.7563
9.84925 19.9132
89.5042 68.7205
69.3604 88.4368
40.8914 93.5225
55.4997 93.8539
37.204 2.53376
93.166 49.2309
91.3269 38.0951
88.2377 67.756
46.7512 1.64878
17.2955 14.2539
23.2051 8.67473
4.39924 59.2044
0.975502 53.6513
7.44959 72.2842
36.6709 4.38772
82.4209 79.2037
93.1865 49.2132
69.1563 7.33876
2.11135 52.2425
43.1421 1.03671
88.8052 65.9982
69.1785 89.4061
45.4931 93.1471
12.8743 77.8078
2.85589 49.0676
72.9676 83.7508
86.5878 20.8496
88.0775 23.0272
71.4252 85.7847
71.6091 85.2213
1.70225 35.2394
67.3336 87.7039
93.585 55.251
61.3669 92.7515
5.54318 62.5795
90.376 66.4183
25.2924 86.5917
48.7242 1.49469
89.9489 29.9216
0.99425 43.3973
55.0479 1.70364
5.91782 28.1186
41.5035 0.841207
25.8831 86.4291
69.0881 89.5368
82.4711 76.9357
26.807 7.70572
22.2208 85.2736
6.14986 25.491
51.9658 0.615798
10.1488 74.0006
5.26723 64.6101
69.6241 8.59488
1.38603 42.3143
75.4781 85.5723
65.0853 91.3777
30.3288 4.29759
86.6695 25.6432
20.9437 10.5667
50.645 94.011
8.22056 69.4909
34.4835 2.13582
2.51149 52.004
2.28838 34.2123
92.3438 39.1252
64.8859 5.45752
80.4399 80.304
57.1362 1.66367
12.2551 75.7897
24.69 88.8003
87.3817 69.2923
84.1444 73.0868
77.7484 81.3072
61.1501 3.489
94.2776 53.9347
50.4466 93.9495
28.811 4.31078
1.39994 44.1054
70.0732 85.4382
89.2321 65.9401
72.4026 10.1091
12.8453 19.9235
56.3305 91.0167
50.6044 1.82676
21.9298 11.2903
85.729 74.5506
55.145 0.729595
93.5467 52.3289
82.4491 75.2745
48.2123 94.3081
12.1871 16.8996
71.5778 8.90881
93.1264 47.8772
2.35351 49.5954
90.4895 35.6307
7.90442 26.9068
84.7588 23.5289
3.20659 56.3476
12.6704 76.0529
78.8353 13.0027
11.3694 74.2509
44.6833 92.3328
23.4967 85.018
91.3192 34.616
85.3814 73.0429
45.364 93.2101
80.5416 14.3231
77.8725 81.1518
69.5399 8.75143
92.7338 37.3562
23.2474 87.4768
28.2503 90.4068
62.0476 3.32655
19.5679 11.3695
90.0745 30.1295
78.0282 82.6209
51.1791 0.801595
6.28503 69.8941
18.4009 83.7294
20.9214 9.53034
3.36171 31.5015
87.8089 28.6959
32.0488 92.294
22.444 83.8724
49.494 1.5818
4.91723 59.587
94.0527 44.7974
81.8226 79.3875
57.102 92.5442
92.6434 42.9449
48.4767 93.0279
87.5871 68.3775
68.4812 6.01842
3.58157 41.3038
6.6733 27.265
31.5587 6.15993
17.8146 80.7326
19.1678 81.41
69.6005 88.7799
90.4842 60.1341
0.220208 45.0306
33.3753 5.55444
68.9846 7.19242
4.03283 33.0462
47.7464 91.6419
72.8033 87.1656
92.4992 47.8044
86.2814 23.2991
31.9809 5.89687
11.5378 18.2244
83.3478 77.169
77.8517 82.8295
81.6523 18.5724
91.3757 61.7623
23.3815 86.0965
80.3786 80.6967
93.6056 50.7347
90.9544 32.6892
7.58252 72.7995
89.4021 27.2982
38.9159 91.4929
85.6917 19.6481
32.451 4.78315
8.89951 22.1107
3.48761 30.3321
8.77322 74.785
75.2847 11.0429
5.30741 64.8084
89.3842 27.2224
12.0667 20.6584
21.9929 7.50163
87.1498 27.8018
41.375 1.39985
94.2361 54.2773
66.0056 90.1187
92.525 39.0196
93.6298 41.476
90.9243 55.7201
52.8711 91.8381
67.2441 87.7806
6.80853 24.0176
36.6473 2.00382
35.3193 92.2563
20.7581 10.8269
45.7165 94.2402
92.3 59.0807
61.8732 3.43801
89.5281 34.0211
81.8351 77.5996
59.5403 91.966
90.002 26.5133
31.9459 3.31617
45.7998 91.6216
60.6527 89.868
71.6427 84.6695
86.2794 20.2178
64.6345 90.4895
77.9911 12.3403
70.9394 7.32565
0.617468 40.4877
45.9001 91.8539
75.7532 82.6526
63.2814 91.8616
3.10774 59.3845
39.1601 3.52743
36.8586 90.6132
51.6939 91.5077
42.9146 1.38139
78.0553 79.9125
88.1784 24.6004
43.871 92.3043
94.6638 47.5125
35.9416 91.3798
13.3761 76.353
9.86126 20.5559
48.8829 0.585575
6.01518 64.1178
83.2025 73.3778
61.49 92.4483
60.6372 3.36545
48.8068 0.512808
92.1181 50.9456
6.8097 27.2308
2.91444 33.463
81.0169 80.1336
82.9521 20.0377
35.6134 90.2641
1.90159 36.3641
58.5059 4.33224
31.4846 3.46954
24.5211 88.6761
74.9813 11.5869
84.2381 75.0581
89.4335 66.3826
87.4467 25.543
12.573 78.663
47.732 93.7904
77.4675 83.9661
67.0148 90.4894
11.5298 76.658
1.80839 42.7094
60.6469 89.6872
93.2742 41.346
4.5421 34.301
26.1955 89.2554
34.0411 90.2463
9.93943 20.376
68.2355 87.3208
20.149 9.8962
18.4316 80.8017
60.4569 5.1608
84.7251 74.5814
89.3877 67.1185
90.4845 63.0815
54.8351 1.68862
90.7338 59.2341
77.3299 81.2597
70.2602 6.61279
6.43546 23.6426
13.8811 79.4943
18.6017 13.5172
90.1821 34.3114
42.5733 91.9719
80.4684 18.112
17.4134 83.608
62.0421 92.261
23.012 87.1241
1.45562 37.7408
6.37914 24.0907
67.827 7.96336
3.1799 32.9571
20.1546 85.8245
20.2166 85.6898
6.64152 29.0725
82.7449 75.5682
1.82416 47.9389
47.1197 93.0992
2.30223 51.7683
28.5748 6.74776
20.433 86.0717
3.36267 55.9451
31.024 5.34943
76.5708 84.3815
11.6592 76.0262
5.61277 66.6312
24.8767 8.09258
83.2813 75.1996
56.9788 1.44155
6.8178 28.3567
91.2993 54.8852
36.4981 91.1932
92.0389 45.0395
91.6639 37.2789
94.6013 47.7661
9.59703 72.4094
72.4393 84.7999
64.9645 4.78173
92.7322 45.5638
37.318 91.2014
39.1493 2.85825
4.72419 28.674
4.38487 59.6214
82.8845 16.836
47.5841 92.2956
65.0066 6.7533
38.7821 92.6643
94.4291 48.8041
81.9503 18.0619
77.0212 81.7385
55.6294 2.4511
51.4897 0.51298
71.3945 85.5362
21.9612 83.9488
44.0325 1.53428
67.9037 5.98971
55.5784 0.78675
74.6741 86.2506
19.4084 82.0051
68.9647 6.58102
54.08 1.52197
60.4498 90.9626
14.2366 79.9289
59.3908 3.629
28.3201 88.7496
76.9828 11.8389
82.5616 77.4403
59.0957 90.0709
82.7447 74.285
23.3092 85.3225
7.94419 67.531
66.7189 7.14461
54.3339 0.580039
69.4811 88.5832
2.15669 36.9973
11.8634 75.8505
14.8784 79.7448
23.8401 85.9777
4.76049 30.0495
74.506 83.8112
22.6992 84.1836
6.0839 69.7872
46.0657 2.71705
66.3993 5.18391
69.8114 8.30068
35.463 93.171
89.6046 32.6968
38.0149 92.491
56.9943 92.5793
16.4633 80.2387
64.4103 90.7404
27.0447 5.26269
89.9469 29.1198
54.9572 92.4428
74.4601 85.6731
85.7692 23.9354
67.8244 87.0134
87.547 67.1996
4.74757 31.9712
56.7307 92.4847
6.33106 67.9366
24.8353 88.681
13.9244 77.2589
6.10678 64.0593
63.4363 6.03221
50.3389 94.5728
78.7148 14.4552
56.3458 4.03675
57.9091 3.47568
4.32181 62.4459
71.2999 87.7181
8.56443 22.8991
90.7003 38.4185
59.2189 4.53699
91.1772 58.3985
52.1422 93.7741
54.1992 92.9232
78.3029 82.3218
77.0266 84.2427
2.7094 48.9336
89.8259 60.0431
82.6506 77.0122
3.28992 58.7942
75.5005 84.9468
1.76799 45.6975
56.2915 92.2736
36.3195 92.786
2.74013 57.5446
89.564 66.6912
50.5252 3.30293
67.7575 88.0727
91.4085 36.4128
86.9545 69.0143
75.4983 12.137
72.2463 9.54676
89.5439 26.9495
66.6187 88.7609
17.5887 82.6907
82.5617 16.7224
1.53345 43.2849
9.46895 73.9466
58.0033 92.2646
55.6027 3.92924
16.2868 79.9226
81.8429 16.9194
3.55693 42.111
62.1264 92.5133
5.26103 65.752
80.5097 79.5627
44.0561 3.06458
2.88556 31.9443
4.78039 27.648
1.58986 55.587
83.9227 77.6205
58.8191 93.1594
91.1269 60.7567
20.7131 9.28267
75.2011 9.65679
13.2018 17.6164
30.1636 5.65855
9.00508 24.8381
22.7752 86.4182
59.9648 1.6939
52.7122 93.5433
1.42944 58.8444
