500 500
55.0046 47.0602
45.8985 46.355
71.5158 56.4751
20.8664 61.2731
80.6601 25.2488
36.2071 30.7961
22.7682 84.0322
36.0792 51.5487
34.8308 12.1347
41.2701 73.1591
41.3577 44.1301
63.658 68.7391
54.5013 48.324
37.3448 23.1487
64.0334 39.4683
50.5783 55.3618
46.4284 69.9984
93.7453 43.1946
43.7911 40.801
66.5959 16.4642
53.0361 53.4019
58.5691 37.3482
30.939 56.7914
22.9728 48.196
47.705 41.9651
48.962 54.0865
39.8059 42.1855
73.6681 17.2578
23.1176 41.1447
66.2944 64.276
60.7034 4.35599
34.9593 43.1099
61.731 47.6802
48.4938 50.574
45.5138 48.5938
11.938 70.4908
34.6176 13.0791
50.995 47.5604
41.4161 35.8848
26.6919 84.9316
50.9728 37.2834
47.0784 18.9306
65.2487 73.481
18.8537 50.0191
46.5063 45.3016
44.8109 13.7437
33.8006 70.467
72.7149 7.46562
26.2546 13.0577
60.051 12.3795
53.5326 29.2142
71.8216 64.3738
11.7665 30.6281
20.1822 55.597
22.6675 72.3711
43.3674 44.8451
84.1183 75.1955
39.4371 37.0684
28.6398 37.868
40.8221 15.5306
54.6356 2.45342
70.3958 40.3086
49.7164 43.0992
43.8775 70.2673
31.3841 72.2974
81.1473 63.3581
69.6614 55.6879
38.0563 30.7054
19.2389 49.7007
41.8381 34.0383
45.8333 46.7949
79.6717 72.467
31.7289 56.1203
3.77019 61.4287
29.5349 52.7445
61.7907 21.5591
59.5255 47.7197
29.7607 35.2547
80.197 80.4256
59.7088 57.2334
36.3338 67.9346
42.2361 40.4113
42.7506 32.4462
56.7796 46.4532
45.1815 51.3028
79.1056 79.4844
47.6609 24.2785
21.8756 56.7699
47.1769 47.0787
82.0928 45.8905
73.5934 37.6706
34.8876 69.8808
39.3069 89.8708
45.5399 16.7915
43.7966 39.6712
70.577 78.3303
52.5928 76.3668
46.2249 43.9812
14.8788 46.9133
12.5986 35.5387
57.0825 27.7944
38.2803 50.794
26.2828 30.1966
65.4654 35.6763
46.0013 28.2918
42.0979 91.6352
46.7379 58.2198
62.3513 10.3601
88.8635 35.5811
27.2606 72.937
75.4715 32.9599
47.8761 47.5309
34.7896 5.42649
19.8084 53.4308
68.5816 31.5986
2.18245 61.1862
80.674 30.9564
80.0915 28.9404
17.8955 37.0495
47.4138 40.6903
10.4032 52.9815
32.3799 49.6304
58.3518 39.7234
32.1157 71.514
51.5816 28.9285
5.77339 59.1423
63.5062 29.7525
42.3855 65.2968
37.8918 48.6635
25.1854 46.528
49.4178 47.3927
37.5513 18.8805
32.7902 22.9072
38.2221 67.6093
71.5141 67.8772
75.7021 74.5796
19.3694 29.3679
46.4333 49.6922
45.055 52.7279
42.4814 63.9533
76.2866 46.7134
46.8119 4.815
64.8183 35.1099
53.6352 70.9769
72.2886 13.5719
47.3443 46.2467
67.1482 60.5936
71.3768 12.0463
76.5932 39.2409
36.9169 52.2152
32.0895 18.2392
28.2952 67.3175
60.514 51.6762
20.7609 34.3543
54.5838 34.0504
19.1788 24.4483
92.4702 41.5702
51.924 57.7195
10.2567 36.3121
36.3785 23.8614
46.8242 31.3241
86.3255 40.0198
69.6185 39.8928
93.1077 43.3809
55.6862 65.3022
53.2306 14.0156
26.2197 46.1357
10.8539 47.2893
24.4219 29.9034
14.6122 63.6251
10.1583 50.0951
47.4588 47.4471
62.8621 74.2202
44.6255 49.828
51.0291 36.5291
47.276 50.9132
46.0807 35.2567
18.2358 48.2714
75.2897 11.1167
41.5963 18.9594
26.4231 62.3464
74.4486 86.1092
25.4504 37.3709
57.3945 30.576
46.1333 41.3171
16.0028 19.605
19.0701 48.4639
41.8925 75.28
43.0622 67.4046
86.2435 42.4706
63.3195 51.7168
28.3191 61.8791
79.2298 53.1725
66.5107 19.6481
61.6123 64.4862
63.0166 55.6329
69.3225 44.5316
50.4806 63.1483
43.439 46.0998
66.5821 42.0221
67.0586 72.6177
47.7147 54.196
67.3459 45.1464
74.7925 74.5243
48.0421 30.1628
47.1447 47.3263
28.4883 54.0514
52.2727 91.3702
39.8311 0.98917
19.2029 17.5996
50.401 52.851
46.2205 47.6262
12.4272 65.2633
46.6003 63.4677
24.0119 68.8942
33.2506 16.8767
67.1576 69.5908
52.7002 51.2005
39.6624 71.5106
49.7152 77.3549
50.6959 36.8425
55.2908 10.6274
41.273 37.1421
2.60245 59.6221
50.3108 53.5253
49.103 51.6078
48.5383 45.9896
35.692 22.4569
51.3611 39.2254
40.4974 53.2721
14.2232 58.7216
58.8139 31.0017
49.7424 53.7466
10.6637 70.771
37.0069 33.1895
46.4089 28.5987
37.9446 54.895
78.2381 64.221
68.2737 34.9662
86.2491 53.8038
35.9602 32.3907
59.7148 21.5276
47.7677 49.65
54.7377 67.6561
15.6699 66.7256
68.768 30.5501
37.2388 8.96585
71.4415 76.171
38.5439 58.434
33.5468 76.946
26.4854 88.4097
50.2714 73.9888
64.4458 61.8357
47.8874 49.905
49.9015 44.158
62.8734 21.0828
47.5607 58.3233
27.9802 55.509
47.4229 32.3858
52.5986 27.6012
19.1232 78.4516
19.0049 75.2122
45.6577 43.5353
46.912 50.6746
47.365 46.8815
58.2411 86.1865
46.2322 51.6161
60.8667 23.2848
39.9177 51.5925
36.1024 72.3827
7.87256 66.5712
69.8426 77.3874
63.1421 53.9642
46.1453 47.0574
66.0797 41.0782
33.3408 66.4696
76.9833 75.5582
59.6692 59.1648
74.4261 85.075
79.1033 67.8218
64.3786 84.2296
50.5315 35.0759
31.3453 21.0995
60.09 47.7188
35.8178 48.9007
72.1815 69.9401
26.2302 52.9655
51.4596 45.621
34.3826 51.1689
76.2545 23.7158
17.4186 44.3361
74.0477 45.0702
38.3412 44.9029
36.9792 16.1343
51.865 33.8833
69.8226 13.4832
72.5474 53.9117
53.3055 23.644
43.4043 45.7701
74.227 66.6942
17.9509 12.6671
76.3728 40.6422
68.3843 82.2699
6.55943 34.7923
52.0727 79.4091
92.1533 45.77
41.1791 71.8221
12.0042 27.5959
62.4705 50.5009
36.8598 27.9991
24.7669 57.4181
34.8111 26.8398
20.959 71.8241
45.0156 48.7824
64.2581 35.9928
39.4574 40.0862
51.2729 38.4027
39.5027 22.7905
15.0041 76.3151
60.1113 30.3905
46.3453 45.9184
14.8882 39.9836
61.4342 22.4292
48.5998 34.8736
31.1057 89.1711
30.4282 31.6196
80.7833 30.535
48.7314 82.4641
23.6529 46.3288
40.5801 51.6365
78.0972 29.2256
69.7144 69.9298
79.3486 13.4641
41.7575 12.2146
32.0763 3.87093
9.14839 74.1863
11.3009 56.4071
6.42809 34.196
66.497 7.35326
79.1885 33.1401
73.0449 67.3236
59.6989 48.668
76.4438 11.2516
30.0659 59.2655
25.2571 75.7353
8.15137 50.0928
40.4611 83.2874
45.2396 38.8434
48.3219 44.5528
15.3483 62.7946
20.3656 53.9243
65.8005 50.8263
45.0956 45.8055
71.0791 17.8843
23.7544 39.1455
55.8947 29.5271
19.1554 10.5787
41.3386 59.8025
28.0275 89.4924
45.3174 21.0598
59.1194 10.9722
44.4434 45.7111
43.3768 40.9784
45.7466 76.7632
8.51492 27.38
55.5216 68.8202
49.3847 49.0749
20.8811 11.3884
43.4113 50.5027
36.5063 35.0111
43.6844 22.6016
47.1807 47.5124
2.77727 53.9843
44.6742 45.7486
40.1535 47.8202
28.8884 32.6559
61.9961 65.5474
48.1617 44.8478
56.0088 24.3626
47.3701 47.4391
76.8564 46.2605
82.7321 31.4883
47.994 58.1243
45.9045 63.3118
50.1789 33.9397
48.8878 48.7591
74.3362 48.6364
53.9845 82.5858
67.2468 16.2135
4.61139 38.9641
55.6412 83.504
50.6909 47.4292
54.7735 49.9274
21.046 82.4197
78.8616 79.6597
29.368 57.67
11.3548 66.5427
78.7818 43.6811
42.9188 65.0818
49.9759 30.6598
67.2216 62.2929
27.9592 53.6434
57.0008 51.7425
63.2739 39.7826
29.0576 24.4214
2.18572 56.5064
44.3482 54.0521
29.6275 49.3155
41.6601 18.4697
76.4315 66.842
73.5193 58.7737
61.0146 80.443
67.3022 53.9285
43.0567 47.3501
33.6013 75.9166
56.5244 37.7959
67.3946 30.0278
59.6679 33.2093
17.8621 70.2591
55.7242 39.9128
58.3908 35.4871
56.4289 65.7062
53.2745 58.1505
25.4333 64.7644
49.5993 51.3235
29.4046 59.7601
44.1369 23.6892
40.3125 46.187
58.4135 70.5369
31.2213 70.2742
47.4076 47.4182
56.2246 43.8901
39.6178 31.3645
36.0095 49.0676
45.4633 18.7407
36.0679 51.0619
47.7171 17.2856
47.1051 51.1054
46.1833 49.8138
75.1809 64.1717
54.5046 69.1861
37.3694 25.9447
80.9223 22.2192
66.4936 89.4219
33.3376 35.8114
47.4721 47.5903
50.9606 46.8714
45.66 36.6714
47.6235 71.7995
57.8548 60.9488
49.1888 47.7308
33.3438 32.5411
40.236 46.2791
47.1917 24.007
30.4081 83.7642
82.5856 56.5191
93.5123 45.5603
60.301 54.0335
13.2319 32.512
20.4261 72.965
47.6088 47.099
56.8772 85.4703
54.8432 52.2307
60.6342 85.5195
41.3574 9.45618
48.1646 90.211
38.7177 68.3285
26.4205 82.9685
31.5726 63.599
57.1099 64.168
48.748 49.3043
46.955 45.9139
34.5379 39.8683
37.9231 62.5162
65.5189 41.4994
52.3608 69.8811
21.2251 48.2863
25.2075 54.8931
16.5756 55.8951
32.3447 28.5965
36.0071 18.8767
58.8016 53.5598
69.5325 45.2275
52.435 25.1216
82.5603 51.8258
15.1864 59.0653
49.7799 32.4764
45.5374 50.3987
56.7476 32.7773
50.2106 45.4718
31.9903 32.4756
62.8284 68.9924
30.2409 35.0415
48.8919 49.6152
48.9242 37.4765
49.887 65.1249
76.1585 23.4036
49.7401 43.18
32.7631 31.3317
43.8265 4.60387
24.7869 13.2561
57.9034 43.1476
74.0677 12.8923
14.6625 31.178
14.1007 45.2709
54.7304 12.6636
45.2394 44.7798
38.6221 87.0408
10.0601 74.4675
45.3335 44.6104
45.9664 65.058
34.8828 62.8394
42.4002 48.1853
40.8508 55.4312
19.4953 58.4288
74.5606 19.9951
35.9177 32.8855
63.8793 73.9252
45.4926 66.2183
56.0786 66.5205
20.8975 19.9748
13.3493 77.5173
35.3992 24.3774
67.0588 36.0537
28.2318 28.4244
32.4929 27.9974
53.7246 45.904
16.6778 62.8181
81.352 40.8617
40.0277 5.86647
18.4926 21.8188
47.2279 47.6177
71.7038 7.7981
61.3465 32.2891
68.3663 9.5509
20.5453 59.3801
62.3248 28.4951
54.2788 42.8762
66.3954 33.7205
52.344 44.93
46.9305 48.6953
31.6896 57.9154
64.038 45.0004
11.7817 69.5952
41.9262 4.05441
45.4593 59.8279
52.6091 22.163
58.6688 83.9043
52.0298 46.7169
55.6254 81.1362
65.318 49.822
16.2116 52.7426
18.8343 42.2721
50.6404 42.3642
57.2287 49.5593
36.0161 8.49421
69.3394 53.328
33.1461 12.9757
29.4909 70.091
41.5425 86.5024
74.1202 83.6249
63.6127 79.7542
36.4808 61.6982
85.566 48.58
18.4279 30.8224
12.7375 57.4744
33.3882 87.7915
23.8948 38.2838
45.3756 17.8015
60.5221 65.0991
45.6928 56.8852
65.7306 75.9164
51.3946 47.6209
47.5545 47.3864
69.9235 32.316
19.0757 26.6691
86.0792 66.9875
63.4189 77.326
42.5614 81.7585
54.7657 89.6291
41.3347 20.6637
70.7707 48.351
57.6772 45.2547
65.9722 56.6669
47.0808 23.7446
40.882 40.2207
35.497 28.3383
40.9517 49.2072
8.45591 52.6503
11.5221 69.7532
46.6584 44.3315
80.6737 77.6172
71.0574 48.3527
57.4194 29.0032
26.9382 49.6086
44.1806 12.2634
63.1814 54.5003
68.1639 87.4476
46.4513 70.5802
27.2535 65.1704
40.8237 47.6764
49.4617 50.318
85.3847 21.6665
87.7833 23.2039
55.7549 60.7351
52.9482 56.053
3.05657 35.6006
52.3477 57.3776
85.2861 53.8454
61.2746 92.4511
42.075 49.3717
84.4354 63.792
41.5055 57.919
48.167 21.3385
71.8769 37.3658
11.9655 44.351
52.6762 15.949
25.9628 37.4446
42.2933 7.0464
44.6136 52.5378
68.5384 88.468
65.6971 62.8118
43.3482 39.5644
36.8624 63.2999
14.2298 29.7857
51.4516 5.92838
28.241 61.1096
28.9647 54.9574
51.5974 40.1473
16.1147 43.9519
74.7196 84.5408
64.6937 90.4028
35.4327 17.1687
56.6548 42.3131
36.9195 32.8006
49.9545 83.9949
36.847 53.3892
35.6694 6.28395
33.0026 48.9022
7.34701 35.6939
69.0461 43.4356
54.6964 29.9664
72.314 72.2115
55.3333 10.1691
35.8074 56.8057
26.1646 86.1184
65.0015 57.0465
54.9503 52.6863
60.0215 61.4992
55.5492 21.4339
92.3881 53.6725
49.7329 82.9294
31.27 10.0047
18.5605 45.3463
48.0688 48.4996
68.0549 56.5639
53.5072 38.3556
46.9243 47.0286
48.3904 52.1189
49.004 24.8512
46.7176 46.4187
80.1239 70.5816
54.9319 2.02087
79.3408 50.821
54.0341 52.6818
48.0887 86.8646
20.3197 23.9449
57.5233 31.3352
69.7373 47.6504
33.2633 48.1135
54.3119 45.5487
42.4148 44.8277
49.5438 46.083
33.7476 50.1925
37.6418 55.4956
71.2777 21.2896
38.2544 54.26
46.6988 59.4371
44.2587 52.4199
69.1808 41.0823
66.946 60.6018
46.3428 71.567
74.7367 20.1287
59.7668 61.0955
50.3246 42.3763
79.2555 40.3548
27.7912 79.9543
30.2997 85.8161
57.9515 15.6899
34.8409 31.1359
72.4319 37.2894
70.9099 74.434
50.478 9.53197
12.8291 66.3222
26.4247 73.6986
29.9995 22.5088
10.5708 34.1076
52.1621 45.2399
32.0896 92.1752
47.1557 47.8402
48.5675 22.2055
46.4695 47.7099
84.1045 45.3601
76.9783 74.8862
53.4402 75.4583
65.8517 45.6053
47.9147 68.4517
61.9888 55.0257
62.5287 17.7316
45.592 47.1766
30.2454 38.9289
47.0616 46.4654
43.445 51.9188
47.005 47.95
66.2889 82.6029
57.6026 50.4339
2.35597 45.1393
47.3134 47.0744
57.6536 28.3512
25.8561 40.2808
47.4401 48.2809
70.6748 83.8321
60.6694 47.5429
66.8672 35.3608
46.5856 45.1532
23.5824 28.0254
74.9751 70.2368
71.1522 75.0336
54.2191 41.7113
75.8378 56.6958
36.8791 64.4005
74.5296 74.7913
78.2515 49.6371
72.0589 39.0911
9.79213 71.3931
78.6675 32.4486
45.4479 57.7077
84.0501 20.8403
42.3787 33.0433
23.7692 31.8825
6.96034 31.6835
9.61428 74.19
62.1404 28.2181
28.4897 55.2474
78.8592 32.2934
45.0196 45.6061
22.613 8.47491
49.4134 46.4558
43.1343 14.7665
92.445 54.0154
61.2611 79.214
71.8422 42.8793
82.2171 42.9479
49.1679 47.7645
48.4616 55.8254
52.5094 57.7707
13.1338 27.6635
38.948 11.6936
38.8402 79.23
37.6892 34.0613
46.0107 86.2245
78.2286 55.4279
57.1391 17.8629
47.8343 47.3067
64.8454 62.7017
55.0045 75.2814
89.9643 26.5318
34.9584 11.8972
47.3982 48.4078
48.7003 51.4988
49.5035 50.6171
86.2426 20.2435
59.2964 77.1273
70.0338 21.479
64.5119 18.2934
2.01284 40.6947
47.2866 51.7061
56.8629 59.16
62.0847 88.5067
22.9048 54.0472
46.0183 39.9209
46.386 51.7138
47.613 49.2843
44.438 16.9043
52.2615 52.5543
79.6411 29.3849
46.4495 59.8336
91.9153 47.508
42.7808 65.2279
41.6078 52.3813
23.3892 30.2333
48.6489 8.15354
40.7001 50.1466
47.8585 47.7419
60.3818 88.8992
55.119 21.7838
48.6131 7.13448
57.103 48.194
31.6463 39.5826
12.8392 36.5776
75.6089 74.8678
55.51 41.2049
46.3542 51.347
9.41606 38.1911
48.6956 42.5236
34.5373 11.8844
26.1839 85.683
56.7546 35.3054
69.0054 63.6249
72.7881 58.8728
65.9259 37.3172
18.8919 73.0025
47.639 79.3115
76.2581 82.4951
66.2604 88.8305
23.4155 66.9838
22.729 44.8759
47.9537 49.0955
77.3938 43.4551
37.6639 44.4426
29.4156 82.9148
44.3813 57.193
22.9744 29.7827
53.009 58.1239
28.2708 21.0699
46.8662 48.0876
47.7895 46.2806
70.504 64.2287
76.0931 60.8808
69.9089 55.603
52.4866 16.2053
57.5866 50.2009
56.9345 58.1833
65.9009 14.4088
6.81173 23.861
23.86 69.9594
44.0128 43.4094
55.2576 45.0325
46.4123 56.7966
47.6548 47.2383
21.0683 79.2041
60.8458 88.5901
28.8758 77.5945
7.3087 38.9747
8.79499 25.4643
49.2732 43.8746
14.3237 36.6026
22.7914 82.1136
23.9908 80.385
39.7365 43.9693
58.7096 56.4179
26.3098 47.6679
47.2834 69.3289
30.3337 49.0764
43.2149 38.3317
22.7196 82.7996
37.0026 49.4487
42.0777 33.6973
73.4033 80.3648
28.8551 62.2829
22.9296 58.6824
38.8158 32.4032
61.0491 57.9796
55.7178 7.51813
37.977 42.9921
52.3219 48.2644
44.091 60.8116
54.9159 47.0325
64.7557 43.4571
91.0264 47.7409
33.1321 56.8745
53.9444 57.1626
58.2197 21.1922
64.5562 46.7272
44.9265 58.2836
44.2958 30.5483
14.3948 32.9218
39.2218 49.7591
76.7272 22.1506
47.4685 57.7108
48.3718 45.2635
42.2777 74.3903
88.7943 48.6399
60.3252 36.4642
58.2905 60.0214
51.5073 25.0773
51.0984 5.04079
54.0418 57.9417
44.3635 51.8358
45.432 20.4175
60.698 20.5791
55.3909 1.86113
74.5708 86.1033
44.2174 51.4022
61.1 21.504
52.0703 15.4061
52.7412 65.1825
23.6523 70.7126
52.2166 29.9128
39.1104 65.4262
66.9143 23.9678
69.9309 66.651
47.6344 48.1664
49.8445 49.2671
41.4854 56.7768
45.3823 48.4784
50.6574 40.7003
54.1875 1.57417
64.7123 79.6826
14.8561 39.9246
31.8892 59.8525
29.8254 64.9104
39.5808 60.2635
21.634 36.9235
57.7379 61.2795
46.2403 49.208
11.1553 67.0457
47.1744 38.9476
60.2186 18.9532
54.098 35.7805
35.9961 91.1342
54.5409 44.9506
41.8755 74.024
53.4073 75.6408
37.8711 57.5634
59.8988 79.2317
30.5108 12.4315
75.8176 35.2067
50.9652 68.5595
69.7364 78.9896
57.456 41.2909
49.8989 52.2184
54.7929 51.0602
30.4484 41.2812
52.8333 73.5983
24.3943 58.9266
27.433 83.9398
39.776 54.2502
42.1306 49.5677
48.6662 44.2466
50.1684 91.8065
60.3966 33.768
47.8779 45.2733
50.9132 32.8344
26.96 54.5633
67.1099 80.6458
25.2617 33.4386
48.0739 47.3009
48.7208 42.7509
60.6883 50.7564
50.9794 82.3291
51.3417 73.709
70.7248 73.7571
75.2984 82.093
38.7774 47.7244
48.4999 47.7511
67.781 64.5234
27.3987 52.5901
70.7951 78.6578
25.0768 46.5839
51.7887 69.4786
38.6883 83.1207
23.8631 52.7663
75.969 60.4771
47.5241 46.15
55.7481 64.0587
64.0256 43.2758
58.5669 53.5132
55.9194 36.762
56.4463 33.673
82.2146 30.5149
56.0237 65.9375
28.3718 69.9525
74.7265 23.5726
19.56 44.9145
21.9019 65.2643
53.7622 74.2755
47.7405 45.8029
38.8664 56.3708
67.3194 29.7993
46.7355 47.3494
62.038 92.2421
23.199 57.9606
67.7509 67.1691
47.0528 42.4256
6.30689 33.134
9.83713 29.9937
13.1132 53.5377
83.1176 76.9544
57.8027 89.0771
68.552 53.8733
27.3131 18.7059
70.8225 15.614
33.8466 35.5989
41.6145 33.3571
42.0828 44.2876
32.1609 71.5802
59.9343 1.80494
51.1466 79.866
1.89334 58.7294
