500 500
15.1593 94.1232
3.75385 56.6833
51.4457 5.42265
59.912 40.1834
79.9038 85.9793
40.1434 62.1886
88.2684 32.6713
24.1549 42.1852
74.9639 65.9734
52.9062 27.268
13.8333 54.9538
53.5579 13.8904
14.2459 1.8911
52.5957 65.2061
36.8234 88.1126
17.0567 18.0162
45.1733 24.3897
93.0096 93.4899
15.1356 63.568
72.8372 79.517
16.3702 12.3357
30.0476 83.7555
37.9287 39.6431
48.9464 46.964
10.9514 71.8983
13.6511 20.3085
18.5191 56.5337
79.9707 81.9563
50.2336 51.2557
50.571 11.0058
90.151 75.6628
26.4062 52.4723
28.5979 0.259849
6.62774 18.8027
4.48657 39.2316
84.6543 38.7363
73.3359 65.7599
7.12615 0.535042
26.0466 63.8983
85.7042 31.346
21.4998 76.2158
57.0115 70.9628
63.1124 14.6598
57.3942 46.0723
4.65129 64.9549
67.5849 69.978
53.5307 31.7867
94.5854 79.6667
80.7542 62.814
74.5121 76.3676
38.427 76.028
59.3867 9.16641
78.8575 54.0826
56.8964 43.04
70.2918 35.5239
9.64188 55.994
92.009 9.78125
26.1842 61.2297
42.1778 54.5429
65.1631 68.0657
91.1071 73.5482
48.0836 90.3251
9.79816 78.4682
46.217 26.0503
59.1873 32.3721
74.5694 6.66266
47.4205 5.36842
38.356 63.4368
56.5724 46.223
29.0356 65.1765
3.44754 53.1706
81.6308 9.96901
35.8945 39.8063
91.7037 42.7511
37.3407 43.0796
59.182 78.7996
24.1894 0.356537
42.9274 56.5447
92.9911 11.911
31.4129 10.1723
46.6256 31.2101
17.4745 61.5307
31.4053 66.5782
18.7935 93.2892
8.9534 31.6786
90.1177 11.9483
46.3135 71.2991
54.4203 42.1464
0.877575 61.6905
69.3859 94.1963
55.8439 89.4747
51.4302 31.4127
86.4158 26.5741
61.4023 70.2191
17.1459 64.535
77.2052 14.0102
58.7778 21.053
7.31721 66.065
65.1191 47.6757
73.6211 52.4026
43.7635 78.0459
19.5019 42.1228
54.5715 57.7587
43.0523 86.1437
38.3918 70.0232
89.044 25.5311
21.6162 24.6904
79.9252 76.9271
86.1832 90.6609
65.0343 33.8219
63.1061 87.6728
0.904725 3.25239
87.7389 66.7367
56.5382 44.2068
52.8386 85.1637
94.5904 42.9796
74.1998 87.9196
75.0606 87.0884
62.6219 52.5385
13.4877 71.1058
74.8883 45.189
30.4273 45.2469
26.732 85.5838
57.0787 32.2718
37.9294 74.4801
86.5494 43.2976
47.7891 82.2903
37.1247 27.8761
19.2425 45.4997
44.5344 48.0488
3.96821 94.5525
60.4311 66.1202
57.1321 63.0243
44.3576 30.1844
63.1746 10.6279
78.3825 11.5527
66.7539 56.07
4.93987 30.0164
11.6076 30.0945
34.4912 28.1152
57.7228 94.4912
85.2474 70.9308
42.6189 85.5569
48.6914 19.8285
84.0095 80.7114
2.3818 70.0105
47.4051 8.88697
85.453 80.1325
60.5765 90.7324
23.1059 40.9921
65.9638 63.8448
55.1959 35.2876
27.5011 4.73522
59.4152 54.3179
30.3474 78.5592
72.8483 57.7454
90.8324 92.9134
22.4452 17.5025
77.611 51.8232
52.0732 64.5298
32.2433 70.5799
79.1836 92.024
46.8622 89.9206
91.706 93.5319
39.363 17.1846
67.835 73.7443
42.5084 48.3572
73.1612 47.494
57.8582 57.2637
73.1963 40.5149
74.7414 46.3581
0.0555382 7.28656
61.8227 15.8271
7.38074 36.7769
22.9647 75.9592
6.96535 24.4028
24.5049 69.48
58.4207 47.0013
91.5399 81.0303
58.1341 68.098
51.5302 38.1148
94.3512 14.5111
48.3551 53.9159
39.1615 79.2087
12.5077 67.9875
83.9617 58.376
56.7655 46.8863
56.7837 26.6831
40.8869 26.9712
78.2509 92.9477
32.9051 3.97606
47.9184 37.6633
64.6186 2.69593
67.4086 80.2353
44.3527 13.2441
35.2155 7.31304
44.1599 92.8777
32.0134 20.8258
8.42413 52.3012
39.7962 90.7093
63.8538 13.7222
13.5353 23.0911
40.0856 93.1411
77.0027 11.7842
34.5642 71.6825
0.61789 52.8197
40.1364 42.3606
88.4034 22.061
94.1264 68.7013
82.1488 59.7095
12.3522 16.1514
2.45749 45.0648
78.5714 40.3217
32.1105 24.5016
63.5338 36.2353
67.3775 64.5898
59.3272 12.7348
12.9486 9.37414
50.5994 28.4315
60.0151 22.5682
22.165 75.6618
75.2719 74.3265
23.9905 63.0068
92.9178 43.4263
13.4724 17.0552
8.98977 17.9739
3.63641 81.0051
55.1993 64.516
18.1993 77.8884
18.1328 36.8712
70.1534 42.4875
39.9762 80.2963
13.4425 18.424
87.1016 38.8956
35.3066 61.6105
37.7268 70.3302
24.1426 37.3742
70.162 7.53373
48.569 86.7277
78.6682 2.45586
37.8395 61.313
57.3398 77.8349
4.4815 21.4612
43.0009 18.484
74.327 39.1933
54.4133 84.7599
79.5929 67.2395
74.8907 13.2088
28.2866 33.9802
65.2321 30.3579
92.0402 30.8529
53.4116 22.1099
44.578 10.6068
5.02407 20.9777
8.20268 80.8975
61.0824 79.1534
21.7797 23.5416
42.1264 41.4938
30.0967 71.14
40.9887 74.9975
83.9903 34.8873
79.4944 35.7506
8.56892 64.6961
6.56456 26.1292
1.1139 69.2704
80.4619 19.6108
8.70255 27.9429
55.2674 78.8155
17.18 39.8044
54.8029 30.1544
87.8941 40.6315
74.8154 14.0193
34.0223 5.94862
2.68567 51.728
39.3982 89.9079
47.3696 33.3397
81.5871 11.4855
33.9 11.5408
92.6368 14.3241
75.3284 8.63624
81.0189 17.2012
25.4811 74.8591
61.7209 62.8707
25.3181 0.339508
23.4171 45.538
66.9013 11.1429
43.8272 43.5813
8.82991 88.4786
27.1509 43.2261
74.6505 84.4714
60.35 48.9871
53.4367 93.5307
18.8774 51.5335
65.9996 66.2838
28.5138 75.9228
81.3367 79.9535
51.8704 3.81137
49.0079 74.8046
8.71988 53.3471
65.9941 9.41055
91.1703 60.5316
59.4501 91.3876
81.3003 15.5419
85.5701 51.9631
64.6193 21.5419
89.5003 94.3067
50.3546 27.5079
81.2119 55.1411
30.6918 3.03778
44.251 63.6277
49.5371 41.1699
48.3102 62.8488
71.9945 36.1942
5.53791 39.7558
40.6915 85.851
21.6907 58.6735
19.6268 77.2196
51.7771 66.4498
86.8519 36.4487
42.4827 80.8072
3.73263 61.7452
66.7757 50.8321
57.3149 78.8578
25.2291 72.5484
89.6346 29.3477
46.4457 58.7449
74.7729 87.7867
70.1079 23.1582
47.6139 48.1354
16.0794 39.1298
71.3238 86.7774
63.3233 11.9312
93.2201 82.5388
71.3482 68.7384
92.3823 66.0337
93.4126 38.2256
74.4615 43.7591
86.18 52.1491
88.7665 77.8543
69.6464 88.4819
64.8537 9.96992
24.6533 1.51388
92.7522 81.3552
42.0304 38.4051
71.9105 33.7527
78.7453 46.4139
73.0501 26.6174
17.7333 67.375
6.03003 75.664
71.1462 40.6928
55.6714 43.8811
37.3539 2.75757
5.69957 56.6193
75.6908 81.3406
50.177 52.518
39.6103 77.8155
92.9089 61.2695
27.5776 30.6308
92.6394 30.2445
52.9183 69.9421
76.5772 75.8339
6.90317 55.3258
15.2497 62.6792
58.755 24.5849
87.5643 54.6181
45.7283 18.2582
5.09763 10.5592
89.5402 61.565
10.1192 37.5954
33.0909 60.2582
50.2281 68.8884
0.530552 42.9121
90.2694 45.2352
6.46803 55.7124
14.5819 46.6344
47.4275 57.5929
46.4818 13.4931
5.37351 75.2912
49.227 76.5239
0.128472 46.2742
58.8914 94.2663
77.4652 88.4618
21.4096 22.9271
31.9022 25.1673
27.5416 74.1809
3.93377 11.1596
53.8577 0.674279
71.5134 20.9354
73.9533 79.6892
87.3048 50.3825
73.9835 20.3392
6.51345 94.8452
15.5025 4.9446
87.6429 33.4742
90.0261 12.0478
41.5287 39.6511
81.6543 40.0801
63.143 93.0692
36.4323 27.4992
33.9316 73.4218
49.4904 9.72492
40.8818 42.774
20.9841 6.389
35.1819 88.0738
58.8993 60.977
92.298 44.4465
14.6041 30.3051
35.8115 45.8449
59.0688 68.1802
69.7856 8.90558
56.8865 6.19155
71.3865 17.8239
41.805 4.77009
8.75654 47.7242
63.3276 30.5434
26.4975 82.5681
52.9679 84.0402
37.5239 81.8757
74.7125 37.5092
22.3871 83.7433
32.421 82.3572
40.732 16.8103
24.4089 16.183
56.0134 37.3603
8.90266 16.0476
43.6803 38.3799
47.9457 69.0679
14.4601 50.0517
51.1579 17.0186
56.0187 33.0376
0.0619695 55.6073
18.9559 89.0819
35.7397 64.3159
23.0817 45.2899
57.5222 70.1158
23.8623 42.7694
60.2997 71.2929
7.37185 25.067
5.37668 31.0245
64.8081 8.19542
45.7444 18.9719
47.4593 64.5378
83.8391 85.1238
92.2221 17.2832
36.5405 57.8449
0.321285 20.1196
7.14206 92.4791
21.816 68.6845
48.7322 23.5998
34.1311 13.7995
3.55908 2.52859
41.0045 59.7108
14.5805 49.8366
46.8569 70.995
80.2436 30.3342
72.613 3.81873
92.2325 94.2546
28.921 7.15545
74.6315 53.6458
74.3305 36.0001
0.755863 78.4052
78.3816 20.0429
17.6523 8.67473
80.616 18.6796
76.9221 68.7556
85.5661 23.4593
45.2791 29.6844
82.5655 31.7805
45.2942 35.4326
38.6596 15.8016
4.5711 14.4701
3.188 66.5414
29.9035 55.4449
35.6611 32.2121
38.0672 90.0807
45.9624 20.4549
52.4459 46.9434
46.8896 42.5456
63.995 43.3936
48.2722 60.954
61.5177 65.4042
25.8257 7.46278
44.4166 93.3656
45.7322 74.4802
70.7991 1.87796
68.5623 42.2076
30.2813 73.5
7.03875 32.311
34.7312 79.6981
6.79981 85.5785
43.0009 59.0517
52.9806 14.3542
42.3881 56.8639
5.24661 14.8213
20.1371 73.3939
35.72 21.6369
74.9014 84.3497
9.67787 78.6511
43.5674 59.9945
85.9639 69.8824
82.001 62.3155
22.6255 89.0007
87.235 81.0687
73.1641 54.3868
66.8072 48.4127
71.0556 74.2742
6.88842 60.7193
81.1501 27.0226
92.2522 37.9793
7.039 61.494
35.3697 24.9717
39.7421 34.0396
10.1795 45.1979
20.7165 34.1163
60.0488 41.7734
77.1686 82.9233
37.1102 61.0413
62.3607 15.3288
37.7685 25.2722
41.9053 17.296
76.373 59.5507
90.9237 36.516
52.0175 63.8877
45.3714 86.9338
54.0408 59.2166
49.0319 61.256
12.9477 91.2655
68.7786 40.4314
69.0975 91.9784
84.4448 68.4889
77.2985 58.3733
0.552063 36.4552
92.9524 79.4469
41.1303 82.3696
86.5631 78.773
58.8461 41.1217
48.1838 81.2115
16.4467 85.998
46.8015 85.4141
11.0231 87.7471
2.71599 29.4545
37.8284 38.5661
33.5625 92.6708
83.9573 39.0371
87.4561 69.2443
25.1002 26.1029
51.5911 74.201
76.3227 19.2052
9.30254 92.5307
69.3663 20.1171
36.0851 2.00412
63.3413 44.8914
58.1241 50.1303
11.9975 79.6655
20.045 3.22597
81.1589 66.8447
45.3686 3.96852
74.6066 65.2164
57.8028 33.8305
79.02 25.977
89.9314 14.1238
72.2863 16.7097
35.9688 33.6046
76.2981 0.45357
66.8524 55.287
72.2402 43.1812
85.4636 28.7741
50.5105 53.032
59.4082 70.104
43.9702 14.0893
19.2203 26.4682
67.7052 15.0957
7.92971 0.711297
0.258934 89.1579
54.197 85.9321
70.2962 56.9771
86.6203 7.07248
67.7949 16.3027
69.337 25.8463
85.6543 21.1196
54.9131 67.7689
46.7091 0.592892
20.9447 91.703
41.42 6.97683
47.3843 70.926
19.4899 60.0174
45.0399 62.7158
13.4411 43.4032
78.6514 45.4256
84.565 39.0382
6.39633 67.4518
89.7971 11.1314
47.2821 0.586794
41.924 78.6477
41.2219 45.8383
70.6419 69.7585
34.5199 6.36851
90.1287 16.4999
46.3338 24.3578
53.734 36.5477
13.2297 46.8812
7.05049 14.4647
91.7434 85.8622
94.131 86.7029
31.3783 15.2767
20.4636 15.1237
91.8565 51.3688
22.1824 16.7874
76.7822 2.53332
94.1931 19.2135
11.3974 42.1961
80.9115 6.28495
24.09 31.4874
52.2119 71.5751
52.8705 88.9687
71.2049 48.7434
63.8371 73.6422
47.3629 54.0092
81.4273 69.2396
11.6623 31.3402
92.2858 16.5447
47.7496 10.5667
17.7345 63.9206
38.1305 32.5916
75.2063 54.8105
83.3995 72.6081
47.1337 38.0869
39.8858 41.5938
16.7846 78.9886
63.025 49.106
92.1172 14.1438
92.6108 17.9501
65.1163 65.4512
21.0947 87.2137
36.0389 61.7439
73.295 22.6779
24.294 39.698
85.5979 66.9467
29.0122 45.9035
83.542 51.7358
43.9573 92.1061
37.8344 77.1003
70.2259 11.8274
76.1862 74.3051
29.8668 37.191
88.292 31.3074
40.0505 7.5595
18.3387 9.20891
37.7501 12.6948
54.4745 75.7191
90.7695 2.08199
71.1391 22.7406
81.5412 64.996
57.8981 48.5241
2.48025 15.6052
45.1029 6.29326
21.8451 80.0532
1.30298 57.5791
9.56263 20.6768
45.2748 72.1991
2.4857 61.8731
80.1104 9.30294
92.0561 73.6218
64.1718 1.59673
16.8638 10.1425
78.8718 23.4665
71.7479 58.2129
37.9983 79.6038
44.6083 0.146404
28.3743 46.7109
14.263 90.8283
11.3116 54.6658
5.01049 86.2674
27.9236 44.4314
25.3675 37.0349
70.7687 82.3153
22.8789 37.7804
24.0509 24.641
11.8223 32.2799
45.3106 90.5776
47.0787 8.96336
48.3149 24.3994
77.2274 83.009
36.8091 12.6296
11.651 78.9901
65.1985 91.5631
75.9844 31.9213
84.0657 30.0567
66.8824 75.9818
41.1934 61.2184
53.9557 89.0474
71.5569 12.911
76.0484 72.3612
78.8485 39.8904
67.2671 33.9041
60.8356 61.9354
78.3965 52.6718
10.4247 88.3075
94.5984 28.7056
0.984719 32.7936
50.5082 71.8291
2.00661 43.2305
73.4579 94.0152
80.659 11.3046
57.321 20.5294
37.0162 93.3739
42.046 23.3719
32.8309 7.25902
66.6359 78.2504
3.7201 49.5313
38.3559 54.3719
2.07587 65.6071
12.0042 34.6938
1.34196 34.1945
79.8084 16.2866
21.2034 4.33135
90.2731 48.2022
0.758888 66.2611
43.2941 78.5747
45.4658 52.2674
1.6935 23.6105
86.37 15.1371
26.4713 0.124049
45.7563 86.4746
4.86738 65.7736
61.5016 57.7474
71.5112 10.4416
72.7811 12.9984
17.7524 84.2888
59.751 4.75915
39.9632 32.1199
77.0084 11.9311
61.7919 1.07749
51.9994 89.936
89.2402 38.8758
69.2845 88.1139
20.9276 26.6007
90.5089 85.384
30.506 66.0505
56.6351 56.2125
86.8611 53.0377
92.6546 38.1377
48.3955 81.0142
40.9848 41.5279
69.7645 88.0892
6.05707 57.2184
92.3886 62.5864
4.41566 87.9366
65.8989 69.1753
90.9788 2.19214
69.315 17.5208
49.6589 92.0827
70.1421 92.9316
3.52975 2.84261
16.9078 21.8775
23.0306 16.8257
79.1807 55.3291
73.4684 67.6314
65.8736 27.7028
33.0936 61.643
77.6328 24.2709
63.63 3.83478
62.2462 75.9392
0.839989 90.2108
46.314 10.8695
57.7158 19.7093
94.778 87.9712
75.3264 66.0536
1.94863 24.2753
8.51448 19.1575
7.59299 15.0129
94.7718 85.6407
63.9497 17.9785
68.8306 81.968
67.5525 79.155
91.8372 49.6582
8.54904 24.2383
30.093 13.4917
87.2144 18.5438
50.8104 43.4581
15.291 68.3389
8.81235 27.3437
3.71745 22.2623
61.353 69.6742
14.0738 12.3028
73.8393 87.1558
24.877 24.9136
88.9624 0.025058
36.7843 27.5792
15.2867 36.805
59.128 56.8099
78.5988 71.618
14.5196 41.6526
1.04838 9.47478
86.8791 19.1473
53.5537 75.5463
80.6339 71.5928
19.3972 1.1841
35.2649 54.4023
72.5169 52.0255
78.649 11.6573
20.3982 84.9481
8.1183 27.783
78.2512 51.0352
10.1399 74.9476
75.6337 65.8966
87.5111 31.3739
30.5927 81.0441
53.9429 9.72157
55.6296 6.39914
42.1566 87.3096
76.6393 36.4046
63.7559 23.6201
90.7764 13.3279
90.9523 17.2726
61.9381 37.119
49.6745 48.9921
3.48123 19.1411
60.4455 92.8747
20.436 51.9204
79.5876 30.812
20.4505 28.2948
60.3277 56.8726
24.1122 16.459
65.1862 61.6612
1.73155 34.5206
2.41406 75.6633
57.071 9.50107
63.3133 6.62384
47.8266 5.26375
63.2699 73.573
21.0453 4.01713
28.6916 12.7885
75.6755 78.8494
93.9335 55.3732
65.2112 35.9191
10.5649 60.5135
16.3676 90.3712
18.836 25.3585
0.590077 83.9075
82.5709 34.1761
86.5722 18.9606
70.8253 32.0457
82.015 50.5714
88.8968 55.2403
8.01305 78.3516
69.6742 52.2078
85.0865 33.045
80.8789 33.0538
16.8831 53.8203
28.8335 10.1578
42.2514 47.2671
43.7906 23.821
34.3582 45.9886
20.0656 64.5977
86.2907 32.9265
21.2487 44.5538
29.4886 65.5376
83.8766 13.6349
47.5676 37.2536
53.9258 40.9367
34.653 63.2906
34.4425 9.95053
81.533 74.2408
20.8969 54.0643
9.91556 2.54045
27.5777 27.4147
14.985 94.0585
35.5445 91.4607
87.1867 0.106249
34.2735 38.6252
23.4115 14.8125
56.7439 77.0391
34.2733 94.2453
22.271 27.1467
34.35 68.3767
72.1723 53.6832
17.0702 43.2687
77.391 84.117
20.5534 23.6666
4.72902 77.3078
54.8897 26.5709
82.7554 0.440026
33.8537 84.2228
33.2445 12.9713
45.4497 73.8722
85.1029 72.4531
24.8248 15.2412
10.7338 32.914
54.1815 70.0343
59.9041 78.0779
92.5248 73.7611
94.4817 14.478
10.2163 34.0026
58.6219 78.4746
64.7238 73.3217
37.0496 19.3301
66.5571 35.7372
36.3246 75.1745
39.6484 30.2596
60.9966 81.6123
59.174 10.6738
1.5183 19.686
6.05621 9.81627
22.1515 32.278
4.60457 40.3264
14.931 77.8917
92.7091 73.3588
73.171 16.2906
66.8648 50.8548
39.7925 37.2568
49.618 35.6327
30.0844 32.0108
55.718 53.2752
34.5173 14.0572
4.27639 32.6619
82.4807 39.9515
16.981 70.6893
62.4375 77.5217
26.8488 78.9942
90.3442 27.5823
15.0564 89.7921
54.3294 26.8287
57.6643 20.5662
27.8607 35.1416
68.3068 18.0763
77.7583 64.3515
61.8103 88.7266
42.8369 21.2165
77.2823 14.4276
23.5097 86.5653
10.7637 16.5344
16.4072 6.91262
36.1317 52.6816
53.4309 20.6445
51.4942 40.4481
83.2516 31.2849
20.5043 36.4531
11.4333 41.6594
6.83466 76.72
88.9131 22.7879
37.6716 82.6109
4.41187 74.2092
30.0172 74.6833
43.3597 42.375
77.2048 15.6417
52.4402 55.9356
1.30694 91.7665
9.7136 75.1993
27.3284 3.70815
70.1492 22.1883
53.1275 21.488
70.2952 12.7802
88.9415 13.493
17.3233 46.9282
2.22367 4.36514
53.1426 10.548
41.3765 43.6312
77.9911 14.0186
44.7471 48.0081
44.9409 20.7725
73.4852 27.3459
48.3333 44.0751
62.7488 6.47332
2.57456 72.2071
37.1752 16.7154
34.2093 91.1605
25.3686 7.54646
27.2687 81.2936
32.8992 79.9056
77.3548 88.0323
40.7996 17.155
59.0068 34.3235
72.505 84.0209
55.9756 48.7953
62.2836 38.2298
55.1543 20.2213
3.31953 73.9536
24.7606 35.2575
53.1569 83.9143
1.40764 49.257
94.2554 18.96
52.845 41.2473
56.6476 11.6393
10.0462 70.0039
87.085 52.4867
82.8904 53.9921
69.7189 44.7768
92.623 10.4356
85.8287 20.0326
44.1554 4.4686
70.1476 61.9261
78.982 80.7215
36.0386 58.2537
30.4651 65.2323
12.4159 55.4598
57.1421 32.2328
94.6209 75.1885
65.2873 21.9962
93.8413 43.7634
