50 50
15.3916 14.9807
14.9206 14.9442
16.2456 15.4676
13.6258 15.7158
16.7186 13.8525
14.4193 14.1394
13.7242 16.893
14.4127 15.2128
14.3481 13.1742
14.6812 16.3306
14.6857 14.8291
15.8391 16.102
15.3655 15.046
14.4781 13.7439
15.8586 14.588
15.1626 15.41
14.948 16.1671
17.3954 14.7807
14.8116 14.6569
15.9911 13.3981
15.2898 15.3087
15.5759 14.4783
14.1468 15.484
13.7348 15.0394
15.014 14.7171
15.079 15.3441
14.6054 14.7285
16.3569 13.4392
13.7423 14.6747
15.9755 15.8711
15.6863 12.7719
14.3548 14.7763
15.7395 15.0127
15.0548 15.1624
14.9007 15.06
13.164 16.1926
14.3371 13.223
15.1842 15.0065
14.6887 14.4026
13.9271 16.9395
15.183 14.475
14.9816 13.5257
15.9214 16.3472
13.5217 15.1337
14.952 14.8897
14.8643 13.2574
14.2948 16.1913
16.3076 12.9327
13.9045 13.2219
15.6526 13.1869
19.2977 2.15982
26.566 23.0338
1.80541 8.7829
1.57148 19.0223
4.87769 25.1919
4.20589 8.12813
26.9021 24.0071
6.92251 4.53
2.84641 8.81394
12.1118 1.06436
17.3559 0.284669
28.1705 10.9129
20.963 3.67384
12.885 28.5781
7.36524 26.827
28.0885 21.1821
27.9115 19.7945
8.37983 3.1905
1.03544 16.1226
9.87432 2.73012
3.26531 10.314
26.5772 23.9898
3.20846 21.5216
0.793676 19.5532
2.04583 18.8432
21.8297 2.69067
28.1685 15.311
3.75487 7.25059
25.5355 25.609
25.4401 23.3346
8.45184 27.0934
7.26688 4.55207
11.0156 2.2493
27.9614 13.6394
8.57009 26.0425
25.457 25.5821
15.1346 1.25636
1.89305 19.7875
7.62953 4.81853
29.3268 14.3619
28.1076 10.1078
8.22953 27.1129
12.2197 29.5176
14.1279 0.892415
9.48824 3.23735
23.7189 26.6399
17.4691 28.8482
10.7904 2.98002
0.771184 14.7724
1.32481 10.3303
