50 50
4.7938 29.7644
1.18707 17.9248
16.2685 1.71479
18.9459 12.7071
25.2678 27.189
12.6944 19.6658
27.9129 10.3316
7.63845 13.3401
23.7057 20.8626
16.7304 8.62291
4.37448 17.3779
16.9365 4.39254
4.50496 0.598018
16.6322 20.62
11.6446 27.8637
5.39382 5.69724
14.2851 7.71269
29.4122 29.5641
4.78629 20.102
23.0331 25.1455
5.17673 3.9009
9.50189 26.4858
11.9941 12.5362
15.4782 14.8513
3.46315 22.7363
4.31686 6.42213
5.85624 17.8775
25.289 25.9168
15.8853 16.2085
15.992 3.48034
28.5083 23.9267
8.35036 16.5932
9.04344 0.0821715
2.09587 5.94593
1.41878 12.4061
26.77 12.2495
23.1908 20.7951
2.25349 0.169195
8.23664 20.2064
27.102 9.91249
6.79883 24.1016
18.0286 22.4404
19.9579 4.63584
18.1496 14.5693
1.47087 20.5405
21.3722 22.129
16.9279 10.0518
29.9105 25.1928
25.5367 19.8635
23.5628 24.1496
12.1517 24.0422
18.7797 2.89867
24.9369 17.1024
17.9922 13.6104
22.2282 11.2336
3.04903 17.7068
29.0958 3.0931
8.28016 19.3625
13.3378 17.248
20.6064 21.5243
28.8106 23.258
15.2054 28.5633
3.09845 24.8138
14.6151 8.23781
18.7167 10.237
23.5809 2.10692
14.9957 1.69764
12.1292 20.0605
17.8898 14.617
9.18185 20.6106
1.09021 16.814
25.8139 3.15248
11.3508 12.5879
28.9992 13.5191
11.8082 13.623
18.715 24.9186
7.64937 0.112747
13.5748 17.881
29.4064 3.7666
9.93362 3.21677
14.7443 9.86951
5.52593 19.4577
9.93124 21.0539
5.94303 29.5006
2.83131 10.0176
28.4977 3.77838
14.6456 22.5468
17.2092 13.3279
0.277514 19.5082
21.9418 29.7875
17.6594 28.2944
16.2637 9.93358
27.3271 8.40348
19.4171 22.2052
5.42201 20.4078
24.4144 4.4304
18.5872 6.65753
2.31391 20.8916
20.5925 15.0764
23.281 16.5711
