50 50
17.394 14.8818
14.5144 14.6587
22.6153 17.859
6.59853 19.3763
25.507 7.98437
11.4497 9.73858
7.19992 26.5733
11.4092 16.3011
11.0145 3.83732
13.0507 23.1349
13.0785 13.9552
20.1304 21.7372
17.2348 15.2814
11.8095 7.32027
20.2492 12.481
15.9942 17.5069
14.6819 22.1354
29.6449 13.6593
13.848 12.9024
21.0595 5.20642
16.7715 16.8872
18.5212 11.8105
9.78379 17.959
7.26465 15.2409
15.0856 13.2705
15.4831 17.1037
12.5877 13.3402
23.2959 5.45741
7.31042 13.0111
20.9641 20.3258
19.1961 1.37748
11.0551 13.6325
19.5211 15.0778
15.3351 15.9929
14.3927 15.3667
3.77513 22.2912
10.947 4.13596
16.126 15.0399
13.0969 11.3478
8.44071 26.8577
16.119 11.79
14.8875 5.98639
20.6335 23.2367
5.96208 15.8174
14.7066 14.3256
14.1705 4.34613
10.6887 22.2836
22.9945 2.36084
8.30244 4.12922
18.9898 3.91475
16.9285 9.23833
22.712 20.3568
3.72089 9.68545
6.38219 17.5813
7.16811 22.8857
13.714 14.1813
26.6005 23.7789
12.4711 11.7221
9.05669 11.9749
12.9091 4.91121
17.2773 0.775839
22.2611 12.7467
15.7217 13.6292
13.8753 22.2205
9.92452 22.8624
25.661 20.0356
22.0289 17.6101
12.0345 9.7099
6.08387 15.7167
13.2304 10.7638
14.4938 14.7978
25.1944 22.9161
10.0336 17.7468
1.19224 19.4255
9.33977 16.6793
19.5399 6.81759
18.8236 15.0903
9.41115 11.1485
25.3605 25.4328
18.8816 18.0988
11.4898 21.4828
13.3562 12.7792
13.5189 10.2604
17.9553 14.6898
14.2876 16.2234
25.0154 25.1352
15.0717 7.67754
6.91768 17.9522
14.9186 14.8876
25.96 14.5119
23.2723 11.9125
11.0324 22.0983
12.4299 28.4196
14.401 5.30994
13.8497 12.5451
22.3184 24.7702
16.6313 24.1493
14.6176 13.9081
4.70509 14.8353
3.98404 11.2383
